#    s        x        y     Ue/Vinf    Dstar     Theta      Cf       H       H*        P         m          K          tau         Di
   0.00000  1.00000  0.00084  0.82617  0.000000  0.000000  0.000000    1.0000    2.0000  0.00000  0.00000  0.00000
   0.00385  0.99616  0.00120  0.89588  0.000000  0.000000  0.000000    1.0000    2.0000  0.00000  0.00000  0.00000
   0.00910  0.99094  0.00168  0.91492  0.000000  0.000000  0.000000    1.0000    2.0000  0.00000  0.00000  0.00000
   0.01519  0.98488  0.00224  0.93023  0.000000  0.000000  0.000000    1.0000    2.0000  0.00000  0.00000  0.00000
   0.02194  0.97815  0.00286  0.94173  0.000000  0.000000  0.000000    1.0000    2.0000  0.00000  0.00000  0.00000
   0.02913  0.97099  0.00351  0.95113  0.000000  0.000000  0.000000    1.0000    2.0000  0.00000  0.00000  0.00000
   0.03657  0.96358  0.00417  0.95901  0.000000  0.000000  0.000000    1.0000    2.0000  0.00000  0.00000  0.00000
   0.04414  0.95605  0.00484  0.96577  0.000000  0.000000  0.000000    1.0000    2.0000  0.00000  0.00000  0.00000
   0.05177  0.94845  0.00551  0.97170  0.000000  0.000000  0.000000    1.0000    2.0000  0.00000  0.00000  0.00000
   0.05943  0.94081  0.00618  0.97698  0.000000  0.000000  0.000000    1.0000    2.0000  0.00000  0.00000  0.00000
   0.06710  0.93317  0.00684  0.98176  0.000000  0.000000  0.000000    1.0000    2.0000  0.00000  0.00000  0.00000
   0.07479  0.92551  0.00750  0.98614  0.000000  0.000000  0.000000    1.0000    2.0000  0.00000  0.00000  0.00000
   0.08247  0.91785  0.00815  0.99018  0.000000  0.000000  0.000000    1.0000    2.0000  0.00000  0.00000  0.00000
   0.09016  0.91019  0.00880  0.99394  0.000000  0.000000  0.000000    1.0000    2.0000  0.00000  0.00000  0.00000
   0.09785  0.90253  0.00944  0.99747  0.000000  0.000000  0.000000    1.0000    2.0000  0.00000  0.00000  0.00000
   0.10554  0.89486  0.01008  1.00080  0.000000  0.000000  0.000000    1.0000    2.0000  0.00000  0.00000  0.00000
   0.11323  0.88720  0.01071  1.00396  0.000000  0.000000  0.000000    1.0000    2.0000  0.00000  0.00000  0.00000
   0.12093  0.87953  0.01133  1.00697  0.000000  0.000000  0.000000    1.0000    2.0000  0.00000  0.00000  0.00000
   0.12862  0.87186  0.01195  1.00985  0.000000  0.000000  0.000000    1.0000    2.0000  0.00000  0.00000  0.00000
   0.13631  0.86419  0.01256  1.01261  0.000000  0.000000  0.000000    1.0000    2.0000  0.00000  0.00000  0.00000
   0.14400  0.85653  0.01317  1.01527  0.000000  0.000000  0.000000    1.0000    2.0000  0.00000  0.00000  0.00000
   0.15170  0.84886  0.01377  1.01784  0.000000  0.000000  0.000000    1.0000    2.0000  0.00000  0.00000  0.00000
   0.15939  0.84119  0.01437  1.02033  0.000000  0.000000  0.000000    1.0000    2.0000  0.00000  0.00000  0.00000
   0.16709  0.83351  0.01496  1.02274  0.000000  0.000000  0.000000    1.0000    2.0000  0.00000  0.00000  0.00000
   0.17478  0.82584  0.01555  1.02509  0.000000  0.000000  0.000000    1.0000    2.0000  0.00000  0.00000  0.00000
   0.18247  0.81817  0.01613  1.02737  0.000000  0.000000  0.000000    1.0000    2.0000  0.00000  0.00000  0.00000
   0.19017  0.81050  0.01671  1.02961  0.000000  0.000000  0.000000    1.0000    2.0000  0.00000  0.00000  0.00000
   0.19786  0.80282  0.01728  1.03179  0.000000  0.000000  0.000000    1.0000    2.0000  0.00000  0.00000  0.00000
   0.20556  0.79515  0.01784  1.03393  0.000000  0.000000  0.000000    1.0000    2.0000  0.00000  0.00000  0.00000
   0.21325  0.78748  0.01841  1.03603  0.000000  0.000000  0.000000    1.0000    2.0000  0.00000  0.00000  0.00000
   0.22095  0.77980  0.01896  1.03809  0.000000  0.000000  0.000000    1.0000    2.0000  0.00000  0.00000  0.00000
   0.22864  0.77213  0.01951  1.04012  0.000000  0.000000  0.000000    1.0000    2.0000  0.00000  0.00000  0.00000
   0.23633  0.76445  0.02006  1.04212  0.000000  0.000000  0.000000    1.0000    2.0000  0.00000  0.00000  0.00000
   0.24403  0.75678  0.02060  1.04409  0.000000  0.000000  0.000000    1.0000    2.0000  0.00000  0.00000  0.00000
   0.25172  0.74910  0.02113  1.04604  0.000000  0.000000  0.000000    1.0000    2.0000  0.00000  0.00000  0.00000
   0.25942  0.74143  0.02166  1.04797  0.000000  0.000000  0.000000    1.0000    2.0000  0.00000  0.00000  0.00000
   0.26711  0.73375  0.02218  1.04987  0.000000  0.000000  0.000000    1.0000    2.0000  0.00000  0.00000  0.00000
   0.27481  0.72607  0.02270  1.05176  0.000000  0.000000  0.000000    1.0000    2.0000  0.00000  0.00000  0.00000
   0.28250  0.71840  0.02322  1.05364  0.000000  0.000000  0.000000    1.0000    2.0000  0.00000  0.00000  0.00000
   0.29019  0.71072  0.02373  1.05549  0.000000  0.000000  0.000000    1.0000    2.0000  0.00000  0.00000  0.00000
   0.29788  0.70304  0.02423  1.05734  0.000000  0.000000  0.000000    1.0000    2.0000  0.00000  0.00000  0.00000
   0.30558  0.69537  0.02473  1.05918  0.000000  0.000000  0.000000    1.0000    2.0000  0.00000  0.00000  0.00000
   0.31327  0.68769  0.02522  1.06100  0.000000  0.000000  0.000000    1.0000    2.0000  0.00000  0.00000  0.00000
   0.32096  0.68002  0.02570  1.06282  0.000000  0.000000  0.000000    1.0000    2.0000  0.00000  0.00000  0.00000
   0.32865  0.67234  0.02618  1.06463  0.000000  0.000000  0.000000    1.0000    2.0000  0.00000  0.00000  0.00000
   0.33634  0.66466  0.02666  1.06644  0.000000  0.000000  0.000000    1.0000    2.0000  0.00000  0.00000  0.00000
   0.34403  0.65699  0.02713  1.06824  0.000000  0.000000  0.000000    1.0000    2.0000  0.00000  0.00000  0.00000
   0.35172  0.64931  0.02759  1.07004  0.000000  0.000000  0.000000    1.0000    2.0000  0.00000  0.00000  0.00000
   0.35941  0.64164  0.02805  1.07183  0.000000  0.000000  0.000000    1.0000    2.0000  0.00000  0.00000  0.00000
   0.36710  0.63396  0.02850  1.07363  0.000000  0.000000  0.000000    1.0000    2.0000  0.00000  0.00000  0.00000
   0.37479  0.62629  0.02894  1.07542  0.000000  0.000000  0.000000    1.0000    2.0000  0.00000  0.00000  0.00000
   0.38247  0.61861  0.02938  1.07721  0.000000  0.000000  0.000000    1.0000    2.0000  0.00000  0.00000  0.00000
   0.39016  0.61094  0.02982  1.07901  0.000000  0.000000  0.000000    1.0000    2.0000  0.00000  0.00000  0.00000
   0.39784  0.60327  0.03024  1.08081  0.000000  0.000000  0.000000    1.0000    2.0000  0.00000  0.00000  0.00000
   0.40553  0.59559  0.03066  1.08261  0.000000  0.000000  0.000000    1.0000    2.0000  0.00000  0.00000  0.00000
   0.41321  0.58792  0.03108  1.08441  0.000000  0.000000  0.000000    1.0000    2.0000  0.00000  0.00000  0.00000
   0.42089  0.58025  0.03148  1.08622  0.000000  0.000000  0.000000    1.0000    2.0000  0.00000  0.00000  0.00000
   0.42857  0.57258  0.03188  1.08803  0.000000  0.000000  0.000000    1.0000    2.0000  0.00000  0.00000  0.00000
   0.43625  0.56491  0.03227  1.08985  0.000000  0.000000  0.000000    1.0000    2.0000  0.00000  0.00000  0.00000
   0.44393  0.55724  0.03266  1.09167  0.000000  0.000000  0.000000    1.0000    2.0000  0.00000  0.00000  0.00000
   0.45161  0.54957  0.03304  1.09350  0.000000  0.000000  0.000000    1.0000    2.0000  0.00000  0.00000  0.00000
   0.45929  0.54190  0.03341  1.09533  0.000000  0.000000  0.000000    1.0000    2.0000  0.00000  0.00000  0.00000
   0.46696  0.53424  0.03377  1.09718  0.000000  0.000000  0.000000    1.0000    2.0000  0.00000  0.00000  0.00000
   0.47464  0.52657  0.03413  1.09903  0.000000  0.000000  0.000000    1.0000    2.0000  0.00000  0.00000  0.00000
   0.48231  0.51891  0.03447  1.10089  0.000000  0.000000  0.000000    1.0000    2.0000  0.00000  0.00000  0.00000
   0.48998  0.51124  0.03481  1.10276  0.000000  0.000000  0.000000    1.0000    2.0000  0.00000  0.00000  0.00000
   0.49765  0.50358  0.03514  1.10464  0.000000  0.000000  0.000000    1.0000    2.0000  0.00000  0.00000  0.00000
   0.50532  0.49592  0.03546  1.10653  0.000000  0.000000  0.000000    1.0000    2.0000  0.00000  0.00000  0.00000
   0.51299  0.48826  0.03578  1.10843  0.000000  0.000000  0.000000    1.0000    2.0000  0.00000  0.00000  0.00000
   0.52065  0.48060  0.03608  1.11034  0.000000  0.000000  0.000000    1.0000    2.0000  0.00000  0.00000  0.00000
   0.52832  0.47294  0.03638  1.11227  0.000000  0.000000  0.000000    1.0000    2.0000  0.00000  0.00000  0.00000
   0.53598  0.46528  0.03666  1.11420  0.000000  0.000000  0.000000    1.0000    2.0000  0.00000  0.00000  0.00000
   0.54364  0.45763  0.03694  1.11615  0.000000  0.000000  0.000000    1.0000    2.0000  0.00000  0.00000  0.00000
   0.55130  0.44998  0.03721  1.11811  0.000000  0.000000  0.000000    1.0000    2.0000  0.00000  0.00000  0.00000
   0.55895  0.44232  0.03746  1.12008  0.000000  0.000000  0.000000    1.0000    2.0000  0.00000  0.00000  0.00000
   0.56661  0.43467  0.03771  1.12207  0.000000  0.000000  0.000000    1.0000    2.0000  0.00000  0.00000  0.00000
   0.57426  0.42703  0.03794  1.12407  0.000000  0.000000  0.000000    1.0000    2.0000  0.00000  0.00000  0.00000
   0.58191  0.41938  0.03817  1.12609  0.000000  0.000000  0.000000    1.0000    2.0000  0.00000  0.00000  0.00000
   0.58956  0.41173  0.03838  1.12812  0.000000  0.000000  0.000000    1.0000    2.0000  0.00000  0.00000  0.00000
   0.59720  0.40409  0.03858  1.13016  0.000000  0.000000  0.000000    1.0000    2.0000  0.00000  0.00000  0.00000
   0.60484  0.39645  0.03877  1.13223  0.000000  0.000000  0.000000    1.0000    2.0000  0.00000  0.00000  0.00000
   0.61248  0.38881  0.03895  1.13431  0.000000  0.000000  0.000000    1.0000    2.0000  0.00000  0.00000  0.00000
   0.62012  0.38118  0.03912  1.13640  0.000000  0.000000  0.000000    1.0000    2.0000  0.00000  0.00000  0.00000
   0.62776  0.37354  0.03927  1.13852  0.000000  0.000000  0.000000    1.0000    2.0000  0.00000  0.00000  0.00000
   0.63539  0.36591  0.03941  1.14065  0.000000  0.000000  0.000000    1.0000    2.0000  0.00000  0.00000  0.00000
   0.64302  0.35829  0.03954  1.14280  0.000000  0.000000  0.000000    1.0000    2.0000  0.00000  0.00000  0.00000
   0.65064  0.35066  0.03965  1.14497  0.000000  0.000000  0.000000    1.0000    2.0000  0.00000  0.00000  0.00000
   0.65826  0.34304  0.03975  1.14716  0.000000  0.000000  0.000000    1.0000    2.0000  0.00000  0.00000  0.00000
   0.66588  0.33542  0.03983  1.14938  0.000000  0.000000  0.000000    1.0000    2.0000  0.00000  0.00000  0.00000
   0.67350  0.32781  0.03990  1.15161  0.000000  0.000000  0.000000    1.0000    2.0000  0.00000  0.00000  0.00000
   0.68111  0.32019  0.03995  1.15387  0.000000  0.000000  0.000000    1.0000    2.0000  0.00000  0.00000  0.00000
   0.68872  0.31259  0.03999  1.15615  0.000000  0.000000  0.000000    1.0000    2.0000  0.00000  0.00000  0.00000
   0.69632  0.30498  0.04001  1.15846  0.000000  0.000000  0.000000    1.0000    2.0000  0.00000  0.00000  0.00000
   0.70392  0.29738  0.04001  1.16079  0.000000  0.000000  0.000000    1.0000    2.0000  0.00000  0.00000  0.00000
   0.71152  0.28979  0.04000  1.16315  0.000000  0.000000  0.000000    1.0000    2.0000  0.00000  0.00000  0.00000
   0.71911  0.28220  0.03996  1.16554  0.000000  0.000000  0.000000    1.0000    2.0000  0.00000  0.00000  0.00000
   0.72669  0.27461  0.03991  1.16796  0.000000  0.000000  0.000000    1.0000    2.0000  0.00000  0.00000  0.00000
   0.73427  0.26703  0.03984  1.17041  0.000000  0.000000  0.000000    1.0000    2.0000  0.00000  0.00000  0.00000
   0.74185  0.25946  0.03975  1.17289  0.000000  0.000000  0.000000    1.0000    2.0000  0.00000  0.00000  0.00000
   0.74942  0.25189  0.03964  1.17541  0.000000  0.000000  0.000000    1.0000    2.0000  0.00000  0.00000  0.00000
   0.75698  0.24433  0.03951  1.17797  0.000000  0.000000  0.000000    1.0000    2.0000  0.00000  0.00000  0.00000
   0.76454  0.23677  0.03935  1.18057  0.000000  0.000000  0.000000    1.0000    2.0000  0.00000  0.00000  0.00000
   0.77209  0.22922  0.03917  1.18321  0.000000  0.000000  0.000000    1.0000    2.0000  0.00000  0.00000  0.00000
   0.77963  0.22168  0.03897  1.18590  0.000000  0.000000  0.000000    1.0000    2.0000  0.00000  0.00000  0.00000
   0.78716  0.21415  0.03875  1.18864  0.000000  0.000000  0.000000    1.0000    2.0000  0.00000  0.00000  0.00000
   0.79469  0.20663  0.03849  1.19143  0.000000  0.000000  0.000000    1.0000    2.0000  0.00000  0.00000  0.00000
   0.80221  0.19912  0.03822  1.19428  0.000000  0.000000  0.000000    1.0000    2.0000  0.00000  0.00000  0.00000
   0.80971  0.19162  0.03791  1.19719  0.000000  0.000000  0.000000    1.0000    2.0000  0.00000  0.00000  0.00000
   0.81721  0.18413  0.03758  1.20018  0.000000  0.000000  0.000000    1.0000    2.0000  0.00000  0.00000  0.00000
   0.82470  0.17665  0.03721  1.20323  0.000000  0.000000  0.000000    1.0000    2.0000  0.00000  0.00000  0.00000
   0.83217  0.16919  0.03681  1.20637  0.000000  0.000000  0.000000    1.0000    2.0000  0.00000  0.00000  0.00000
   0.83963  0.16175  0.03638  1.20960  0.000000  0.000000  0.000000    1.0000    2.0000  0.00000  0.00000  0.00000
   0.84707  0.15432  0.03592  1.21294  0.000000  0.000000  0.000000    1.0000    2.0000  0.00000  0.00000  0.00000
   0.85450  0.14691  0.03542  1.21638  0.000000  0.000000  0.000000    1.0000    2.0000  0.00000  0.00000  0.00000
   0.86191  0.13952  0.03488  1.21995  0.000000  0.000000  0.000000    1.0000    2.0000  0.00000  0.00000  0.00000
   0.86929  0.13215  0.03431  1.22365  0.000000  0.000000  0.000000    1.0000    2.0000  0.00000  0.00000  0.00000
   0.87666  0.12482  0.03369  1.22751  0.000000  0.000000  0.000000    1.0000    2.0000  0.00000  0.00000  0.00000
   0.88399  0.11751  0.03302  1.23155  0.000000  0.000000  0.000000    1.0000    2.0000  0.00000  0.00000  0.00000
   0.89130  0.11024  0.03231  1.23579  0.000000  0.000000  0.000000    1.0000    2.0000  0.00000  0.00000  0.00000
   0.89857  0.10301  0.03155  1.24025  0.000000  0.000000  0.000000    1.0000    2.0000  0.00000  0.00000  0.00000
   0.90580  0.09582  0.03074  1.24497  0.000000  0.000000  0.000000    1.0000    2.0000  0.00000  0.00000  0.00000
   0.91298  0.08870  0.02987  1.24998  0.000000  0.000000  0.000000    1.0000    2.0000  0.00000  0.00000  0.00000
   0.92009  0.08164  0.02894  1.25533  0.000000  0.000000  0.000000    1.0000    2.0000  0.00000  0.00000  0.00000
   0.92713  0.07467  0.02795  1.26106  0.000000  0.000000  0.000000    1.0000    2.0000  0.00000  0.00000  0.00000
   0.93408  0.06781  0.02690  1.26723  0.000000  0.000000  0.000000    1.0000    2.0000  0.00000  0.00000  0.00000
   0.94089  0.06109  0.02577  1.27389  0.000000  0.000000  0.000000    1.0000    2.0000  0.00000  0.00000  0.00000
   0.94754  0.05455  0.02459  1.28108  0.000000  0.000000  0.000000    1.0000    2.0000  0.00000  0.00000  0.00000
   0.95396  0.04825  0.02334  1.28882  0.000000  0.000000  0.000000    1.0000    2.0000  0.00000  0.00000  0.00000
   0.96007  0.04228  0.02205  1.29709  0.000000  0.000000  0.000000    1.0000    2.0000  0.00000  0.00000  0.00000
   0.96579  0.03671  0.02072  1.30579  0.000000  0.000000  0.000000    1.0000    2.0000  0.00000  0.00000  0.00000
   0.97104  0.03164  0.01939  1.31475  0.000000  0.000000  0.000000    1.0000    2.0000  0.00000  0.00000  0.00000
   0.97575  0.02711  0.01809  1.32373  0.000000  0.000000  0.000000    1.0000    2.0000  0.00000  0.00000  0.00000
   0.97992  0.02314  0.01682  1.33245  0.000000  0.000000  0.000000    1.0000    2.0000  0.00000  0.00000  0.00000
   0.98356  0.01970  0.01562  1.34064  0.000000  0.000000  0.000000    1.0000    2.0000  0.00000  0.00000  0.00000
   0.98674  0.01673  0.01448  1.34802  0.000000  0.000000  0.000000    1.0000    2.0000  0.00000  0.00000  0.00000
   0.98951  0.01418  0.01340  1.35435  0.000000  0.000000  0.000000    1.0000    2.0000  0.00000  0.00000  0.00000
   0.99195  0.01197  0.01237  1.35934  0.000000  0.000000  0.000000    1.0000    2.0000  0.00000  0.00000  0.00000
   0.99410  0.01006  0.01139  1.36260  0.000000  0.000000  0.000000    1.0000    2.0000  0.00000  0.00000  0.00000
   0.99602  0.00839  0.01044  1.36369  0.000000  0.000000  0.000000    1.0000    2.0000  0.00000  0.00000  0.00000
   0.99774  0.00692  0.00953  1.36194  0.000000  0.000000  0.000000    1.0000    2.0000  0.00000  0.00000  0.00000
   0.99931  0.00564  0.00863  1.35638  0.000000  0.000000  0.000000    1.0000    2.0000  0.00000  0.00000  0.00000
   1.00073  0.00452  0.00775  1.34574  0.000000  0.000000  0.000000    1.0000    2.0000  0.00000  0.00000  0.00000
   1.00205  0.00354  0.00688  1.32856  0.000000  0.000000  0.000000    1.0000    2.0000  0.00000  0.00000  0.00000
   1.00326  0.00268  0.00602  1.30236  0.000000  0.000000  0.000000    1.0000    2.0000  0.00000  0.00000  0.00000
   1.00439  0.00195  0.00515  1.26436  0.000000  0.000000  0.000000    1.0000    2.0000  0.00000  0.00000  0.00000
   1.00546  0.00134  0.00428  1.21160  0.000000  0.000000  0.000000    1.0000    2.0000  0.00000  0.00000  0.00000
   1.00646  0.00085  0.00341  1.14042  0.000000  0.000000  0.000000    1.0000    2.0000  0.00000  0.00000  0.00000
   1.00741  0.00047  0.00254  1.04903  0.000000  0.000000  0.000000    1.0000    2.0000  0.00000  0.00000  0.00000
   1.00831  0.00020  0.00167  0.93680  0.000000  0.000000  0.000000    1.0000    2.0000  0.00000  0.00000  0.00000
   1.00918  0.00005  0.00082  0.80788  0.000000  0.000000  0.000000    1.0000    2.0000  0.00000  0.00000  0.00000
   1.01000  0.00000  0.00000  0.67018  0.000000  0.000000  0.000000    1.0000    2.0000  0.00000  0.00000  0.00000
   1.01083  0.00005 -0.00082  0.52472  0.000000  0.000000  0.000000    1.0000    2.0000  0.00000  0.00000  0.00000
   1.01169  0.00020 -0.00167  0.37118  0.000000  0.000000  0.000000    1.0000    2.0000  0.00000  0.00000  0.00000
   1.01260  0.00047 -0.00254  0.21679  0.000000  0.000000  0.000000    1.0000    2.0000  0.00000  0.00000  0.00000
   1.01355  0.00085 -0.00341  0.07017  0.000000  0.000000  0.000000    1.0000    2.0000  0.00000  0.00000  0.00000
   1.01455  0.00134 -0.00428 -0.06418  0.000000  0.000000  0.000000    1.0000    2.0000  0.00000 -0.00000 -0.00000
   1.01561  0.00195 -0.00515 -0.18387  0.000000  0.000000  0.000000    1.0000    2.0000  0.00000 -0.00000 -0.00000
   1.01675  0.00268 -0.00602 -0.28867  0.000000  0.000000  0.000000    1.0000    2.0000  0.00000 -0.00000 -0.00000
   1.01796  0.00354 -0.00688 -0.37972  0.000000  0.000000  0.000000    1.0000    2.0000  0.00000 -0.00000 -0.00000
   1.01927  0.00452 -0.00775 -0.45864  0.000000  0.000000  0.000000    1.0000    2.0000  0.00000 -0.00000 -0.00000
   1.02070  0.00564 -0.00863 -0.52729  0.000000  0.000000  0.000000    1.0000    2.0000  0.00000 -0.00000 -0.00000
   1.02226  0.00692 -0.00953 -0.58727  0.000000  0.000000  0.000000    1.0000    2.0000  0.00000 -0.00000 -0.00000
   1.02399  0.00839 -0.01044 -0.64001  0.000000  0.000000  0.000000    1.0000    2.0000  0.00000 -0.00000 -0.00000
   1.02591  0.01006 -0.01139 -0.68673  0.000000  0.000000  0.000000    1.0000    2.0000  0.00000 -0.00000 -0.00000
   1.02806  0.01197 -0.01237 -0.72843  0.000000  0.000000  0.000000    1.0000    2.0000  0.00000 -0.00000 -0.00000
   1.03049  0.01418 -0.01340 -0.76587  0.000000  0.000000  0.000000    1.0000    2.0000  0.00000 -0.00000 -0.00000
   1.03327  0.01673 -0.01448 -0.79964  0.000000  0.000000  0.000000    1.0000    2.0000  0.00000 -0.00000 -0.00000
   1.03644  0.01970 -0.01562 -0.83021  0.000000  0.000000  0.000000    1.0000    2.0000  0.00000 -0.00000 -0.00000
   1.04009  0.02314 -0.01682 -0.85784  0.000000  0.000000  0.000000    1.0000    2.0000  0.00000 -0.00000 -0.00000
   1.04426  0.02711 -0.01809 -0.88268  0.000000  0.000000  0.000000    1.0000    2.0000  0.00000 -0.00000 -0.00000
   1.04897  0.03164 -0.01939 -0.90478  0.000000  0.000000  0.000000    1.0000    2.0000  0.00000 -0.00000 -0.00000
   1.05422  0.03671 -0.02072 -0.92420  0.000000  0.000000  0.000000    1.0000    2.0000  0.00000 -0.00000 -0.00000
   1.05994  0.04228 -0.02205 -0.94103  0.000000  0.000000  0.000000    1.0000    2.0000  0.00000 -0.00000 -0.00000
   1.06605  0.04825 -0.02334 -0.95548  0.000000  0.000000  0.000000    1.0000    2.0000  0.00000 -0.00000 -0.00000
   1.07247  0.05455 -0.02459 -0.96782  0.000000  0.000000  0.000000    1.0000    2.0000  0.00000 -0.00000 -0.00000
   1.07911  0.06109 -0.02577 -0.97834  0.000000  0.000000  0.000000    1.0000    2.0000  0.00000 -0.00000 -0.00000
   1.08593  0.06781 -0.02690 -0.98733  0.000000  0.000000  0.000000    1.0000    2.0000  0.00000 -0.00000 -0.00000
   1.09287  0.07467 -0.02795 -0.99506  0.000000  0.000000  0.000000    1.0000    2.0000  0.00000 -0.00000 -0.00000
   1.09991  0.08164 -0.02894 -1.00172  0.000000  0.000000  0.000000    1.0000    2.0000  0.00000 -0.00000 -0.00000
   1.10703  0.08870 -0.02987 -1.00751  0.000000  0.000000  0.000000    1.0000    2.0000  0.00000 -0.00000 -0.00000
   1.11421  0.09582 -0.03074 -1.01255  0.000000  0.000000  0.000000    1.0000    2.0000  0.00000 -0.00000 -0.00000
   1.12144  0.10301 -0.03155 -1.01697  0.000000  0.000000  0.000000    1.0000    2.0000  0.00000 -0.00000 -0.00000
   1.12871  0.11024 -0.03231 -1.02085  0.000000  0.000000  0.000000    1.0000    2.0000  0.00000 -0.00000 -0.00000
   1.13601  0.11751 -0.03302 -1.02428  0.000000  0.000000  0.000000    1.0000    2.0000  0.00000 -0.00000 -0.00000
   1.14335  0.12482 -0.03369 -1.02730  0.000000  0.000000  0.000000    1.0000    2.0000  0.00000 -0.00000 -0.00000
   1.15071  0.13215 -0.03431 -1.02999  0.000000  0.000000  0.000000    1.0000    2.0000  0.00000 -0.00000 -0.00000
   1.15810  0.13952 -0.03488 -1.03236  0.000000  0.000000  0.000000    1.0000    2.0000  0.00000 -0.00000 -0.00000
   1.16551  0.14691 -0.03542 -1.03447  0.000000  0.000000  0.000000    1.0000    2.0000  0.00000 -0.00000 -0.00000
   1.17294  0.15432 -0.03592 -1.03634  0.000000  0.000000  0.000000    1.0000    2.0000  0.00000 -0.00000 -0.00000
   1.18038  0.16175 -0.03638 -1.03799  0.000000  0.000000  0.000000    1.0000    2.0000  0.00000 -0.00000 -0.00000
   1.18784  0.16919 -0.03681 -1.03945  0.000000  0.000000  0.000000    1.0000    2.0000  0.00000 -0.00000 -0.00000
   1.19531  0.17665 -0.03721 -1.04074  0.000000  0.000000  0.000000    1.0000    2.0000  0.00000 -0.00000 -0.00000
   1.20280  0.18413 -0.03758 -1.04188  0.000000  0.000000  0.000000    1.0000    2.0000  0.00000 -0.00000 -0.00000
   1.21029  0.19162 -0.03791 -1.04287  0.000000  0.000000  0.000000    1.0000    2.0000  0.00000 -0.00000 -0.00000
   1.21780  0.19912 -0.03822 -1.04373  0.000000  0.000000  0.000000    1.0000    2.0000  0.00000 -0.00000 -0.00000
   1.22532  0.20663 -0.03849 -1.04448  0.000000  0.000000  0.000000    1.0000    2.0000  0.00000 -0.00000 -0.00000
   1.23284  0.21415 -0.03875 -1.04511  0.000000  0.000000  0.000000    1.0000    2.0000  0.00000 -0.00000 -0.00000
   1.24038  0.22168 -0.03897 -1.04565  0.000000  0.000000  0.000000    1.0000    2.0000  0.00000 -0.00000 -0.00000
   1.24792  0.22922 -0.03917 -1.04610  0.000000  0.000000  0.000000    1.0000    2.0000  0.00000 -0.00000 -0.00000
   1.25547  0.23677 -0.03935 -1.04646  0.000000  0.000000  0.000000    1.0000    2.0000  0.00000 -0.00000 -0.00000
   1.26303  0.24433 -0.03951 -1.04675  0.000000  0.000000  0.000000    1.0000    2.0000  0.00000 -0.00000 -0.00000
   1.27059  0.25189 -0.03964 -1.04696  0.000000  0.000000  0.000000    1.0000    2.0000  0.00000 -0.00000 -0.00000
   1.27816  0.25946 -0.03975 -1.04710  0.000000  0.000000  0.000000    1.0000    2.0000  0.00000 -0.00000 -0.00000
   1.28573  0.26703 -0.03984 -1.04719  0.000000  0.000000  0.000000    1.0000    2.0000  0.00000 -0.00000 -0.00000
   1.29331  0.27461 -0.03991 -1.04722  0.000000  0.000000  0.000000    1.0000    2.0000  0.00000 -0.00000 -0.00000
   1.30090  0.28220 -0.03996 -1.04719  0.000000  0.000000  0.000000    1.0000    2.0000  0.00000 -0.00000 -0.00000
   1.30849  0.28979 -0.04000 -1.04711  0.000000  0.000000  0.000000    1.0000    2.0000  0.00000 -0.00000 -0.00000
   1.31609  0.29738 -0.04001 -1.04699  0.000000  0.000000  0.000000    1.0000    2.0000  0.00000 -0.00000 -0.00000
   1.32368  0.30498 -0.04001 -1.04682  0.000000  0.000000  0.000000    1.0000    2.0000  0.00000 -0.00000 -0.00000
   1.33129  0.31259 -0.03999 -1.04662  0.000000  0.000000  0.000000    1.0000    2.0000  0.00000 -0.00000 -0.00000
   1.33890  0.32019 -0.03995 -1.04637  0.000000  0.000000  0.000000    1.0000    2.0000  0.00000 -0.00000 -0.00000
   1.34651  0.32781 -0.03990 -1.04609  0.000000  0.000000  0.000000    1.0000    2.0000  0.00000 -0.00000 -0.00000
   1.35412  0.33542 -0.03983 -1.04578  0.000000  0.000000  0.000000    1.0000    2.0000  0.00000 -0.00000 -0.00000
   1.36174  0.34304 -0.03975 -1.04544  0.000000  0.000000  0.000000    1.0000    2.0000  0.00000 -0.00000 -0.00000
   1.36937  0.35066 -0.03965 -1.04506  0.000000  0.000000  0.000000    1.0000    2.0000  0.00000 -0.00000 -0.00000
   1.37699  0.35829 -0.03954 -1.04466  0.000000  0.000000  0.000000    1.0000    2.0000  0.00000 -0.00000 -0.00000
   1.38462  0.36591 -0.03941 -1.04424  0.000000  0.000000  0.000000    1.0000    2.0000  0.00000 -0.00000 -0.00000
   1.39225  0.37354 -0.03927 -1.04378  0.000000  0.000000  0.000000    1.0000    2.0000  0.00000 -0.00000 -0.00000
   1.39989  0.38118 -0.03912 -1.04331  0.000000  0.000000  0.000000    1.0000    2.0000  0.00000 -0.00000 -0.00000
   1.40752  0.38881 -0.03895 -1.04282  0.000000  0.000000  0.000000    1.0000    2.0000  0.00000 -0.00000 -0.00000
   1.41516  0.39645 -0.03877 -1.04230  0.000000  0.000000  0.000000    1.0000    2.0000  0.00000 -0.00000 -0.00000
   1.42281  0.40409 -0.03858 -1.04177  0.000000  0.000000  0.000000    1.0000    2.0000  0.00000 -0.00000 -0.00000
   1.43045  0.41173 -0.03838 -1.04122  0.000000  0.000000  0.000000    1.0000    2.0000  0.00000 -0.00000 -0.00000
   1.43810  0.41938 -0.03817 -1.04065  0.000000  0.000000  0.000000    1.0000    2.0000  0.00000 -0.00000 -0.00000
   1.44575  0.42703 -0.03794 -1.04007  0.000000  0.000000  0.000000    1.0000    2.0000  0.00000 -0.00000 -0.00000
   1.45340  0.43467 -0.03771 -1.03947  0.000000  0.000000  0.000000    1.0000    2.0000  0.00000 -0.00000 -0.00000
   1.46105  0.44232 -0.03746 -1.03886  0.000000  0.000000  0.000000    1.0000    2.0000  0.00000 -0.00000 -0.00000
   1.46871  0.44998 -0.03721 -1.03824  0.000000  0.000000  0.000000    1.0000    2.0000  0.00000 -0.00000 -0.00000
   1.47637  0.45763 -0.03694 -1.03760  0.000000  0.000000  0.000000    1.0000    2.0000  0.00000 -0.00000 -0.00000
   1.48403  0.46528 -0.03666 -1.03695  0.000000  0.000000  0.000000    1.0000    2.0000  0.00000 -0.00000 -0.00000
   1.49169  0.47294 -0.03638 -1.03629  0.000000  0.000000  0.000000    1.0000    2.0000  0.00000 -0.00000 -0.00000
   1.49935  0.48060 -0.03608 -1.03562  0.000000  0.000000  0.000000    1.0000    2.0000  0.00000 -0.00000 -0.00000
   1.50702  0.48826 -0.03578 -1.03494  0.000000  0.000000  0.000000    1.0000    2.0000  0.00000 -0.00000 -0.00000
   1.51469  0.49592 -0.03546 -1.03425  0.000000  0.000000  0.000000    1.0000    2.0000  0.00000 -0.00000 -0.00000
   1.52235  0.50358 -0.03514 -1.03355  0.000000  0.000000  0.000000    1.0000    2.0000  0.00000 -0.00000 -0.00000
   1.53002  0.51124 -0.03481 -1.03284  0.000000  0.000000  0.000000    1.0000    2.0000  0.00000 -0.00000 -0.00000
   1.53770  0.51891 -0.03447 -1.03213  0.000000  0.000000  0.000000    1.0000    2.0000  0.00000 -0.00000 -0.00000
   1.54537  0.52657 -0.03413 -1.03140  0.000000  0.000000  0.000000    1.0000    2.0000  0.00000 -0.00000 -0.00000
   1.55304  0.53424 -0.03377 -1.03067  0.000000  0.000000  0.000000    1.0000    2.0000  0.00000 -0.00000 -0.00000
   1.56072  0.54190 -0.03341 -1.02993  0.000000  0.000000  0.000000    1.0000    2.0000  0.00000 -0.00000 -0.00000
   1.56839  0.54957 -0.03304 -1.02918  0.000000  0.000000  0.000000    1.0000    2.0000  0.00000 -0.00000 -0.00000
   1.57607  0.55724 -0.03266 -1.02842  0.000000  0.000000  0.000000    1.0000    2.0000  0.00000 -0.00000 -0.00000
   1.58375  0.56491 -0.03227 -1.02766  0.000000  0.000000  0.000000    1.0000    2.0000  0.00000 -0.00000 -0.00000
   1.59143  0.57258 -0.03188 -1.02688  0.000000  0.000000  0.000000    1.0000    2.0000  0.00000 -0.00000 -0.00000
   1.59911  0.58025 -0.03148 -1.02610  0.000000  0.000000  0.000000    1.0000    2.0000  0.00000 -0.00000 -0.00000
   1.60680  0.58792 -0.03108 -1.02532  0.000000  0.000000  0.000000    1.0000    2.0000  0.00000 -0.00000 -0.00000
   1.61448  0.59559 -0.03066 -1.02452  0.000000  0.000000  0.000000    1.0000    2.0000  0.00000 -0.00000 -0.00000
   1.62216  0.60327 -0.03024 -1.02372  0.000000  0.000000  0.000000    1.0000    2.0000  0.00000 -0.00000 -0.00000
   1.62985  0.61094 -0.02982 -1.02291  0.000000  0.000000  0.000000    1.0000    2.0000  0.00000 -0.00000 -0.00000
   1.63753  0.61861 -0.02938 -1.02209  0.000000  0.000000  0.000000    1.0000    2.0000  0.00000 -0.00000 -0.00000
   1.64522  0.62629 -0.02894 -1.02127  0.000000  0.000000  0.000000    1.0000    2.0000  0.00000 -0.00000 -0.00000
   1.65291  0.63396 -0.02850 -1.02043  0.000000  0.000000  0.000000    1.0000    2.0000  0.00000 -0.00000 -0.00000
   1.66060  0.64164 -0.02805 -1.01958  0.000000  0.000000  0.000000    1.0000    2.0000  0.00000 -0.00000 -0.00000
   1.66828  0.64931 -0.02759 -1.01873  0.000000  0.000000  0.000000    1.0000    2.0000  0.00000 -0.00000 -0.00000
   1.67597  0.65699 -0.02713 -1.01786  0.000000  0.000000  0.000000    1.0000    2.0000  0.00000 -0.00000 -0.00000
   1.68366  0.66466 -0.02666 -1.01699  0.000000  0.000000  0.000000    1.0000    2.0000  0.00000 -0.00000 -0.00000
   1.69135  0.67234 -0.02618 -1.01610  0.000000  0.000000  0.000000    1.0000    2.0000  0.00000 -0.00000 -0.00000
   1.69905  0.68002 -0.02570 -1.01520  0.000000  0.000000  0.000000    1.0000    2.0000  0.00000 -0.00000 -0.00000
   1.70674  0.68769 -0.02522 -1.01429  0.000000  0.000000  0.000000    1.0000    2.0000  0.00000 -0.00000 -0.00000
   1.71443  0.69537 -0.02473 -1.01337  0.000000  0.000000  0.000000    1.0000    2.0000  0.00000 -0.00000 -0.00000
   1.72212  0.70304 -0.02423 -1.01243  0.000000  0.000000  0.000000    1.0000    2.0000  0.00000 -0.00000 -0.00000
   1.72981  0.71072 -0.02373 -1.01147  0.000000  0.000000  0.000000    1.0000    2.0000  0.00000 -0.00000 -0.00000
   1.73751  0.71840 -0.02322 -1.01050  0.000000  0.000000  0.000000    1.0000    2.0000  0.00000 -0.00000 -0.00000
   1.74520  0.72607 -0.02270 -1.00951  0.000000  0.000000  0.000000    1.0000    2.0000  0.00000 -0.00000 -0.00000
   1.75289  0.73375 -0.02218 -1.00851  0.000000  0.000000  0.000000    1.0000    2.0000  0.00000 -0.00000 -0.00000
   1.76059  0.74143 -0.02166 -1.00748  0.000000  0.000000  0.000000    1.0000    2.0000  0.00000 -0.00000 -0.00000
   1.76828  0.74910 -0.02113 -1.00643  0.000000  0.000000  0.000000    1.0000    2.0000  0.00000 -0.00000 -0.00000
   1.77598  0.75678 -0.02060 -1.00535  0.000000  0.000000  0.000000    1.0000    2.0000  0.00000 -0.00000 -0.00000
   1.78367  0.76445 -0.02006 -1.00426  0.000000  0.000000  0.000000    1.0000    2.0000  0.00000 -0.00000 -0.00000
   1.79137  0.77213 -0.01951 -1.00313  0.000000  0.000000  0.000000    1.0000    2.0000  0.00000 -0.00000 -0.00000
   1.79906  0.77980 -0.01896 -1.00197  0.000000  0.000000  0.000000    1.0000    2.0000  0.00000 -0.00000 -0.00000
   1.80676  0.78748 -0.01841 -1.00078  0.000000  0.000000  0.000000    1.0000    2.0000  0.00000 -0.00000 -0.00000
   1.81445  0.79515 -0.01784 -0.99956  0.000000  0.000000  0.000000    1.0000    2.0000  0.00000 -0.00000 -0.00000
   1.82214  0.80282 -0.01728 -0.99830  0.000000  0.000000  0.000000    1.0000    2.0000  0.00000 -0.00000 -0.00000
   1.82984  0.81050 -0.01671 -0.99700  0.000000  0.000000  0.000000    1.0000    2.0000  0.00000 -0.00000 -0.00000
   1.83753  0.81817 -0.01613 -0.99565  0.000000  0.000000  0.000000    1.0000    2.0000  0.00000 -0.00000 -0.00000
   1.84523  0.82584 -0.01555 -0.99425  0.000000  0.000000  0.000000    1.0000    2.0000  0.00000 -0.00000 -0.00000
   1.85292  0.83351 -0.01496 -0.99279  0.000000  0.000000  0.000000    1.0000    2.0000  0.00000 -0.00000 -0.00000
   1.86061  0.84119 -0.01437 -0.99128  0.000000  0.000000  0.000000    1.0000    2.0000  0.00000 -0.00000 -0.00000
   1.86831  0.84886 -0.01377 -0.98970  0.000000  0.000000  0.000000    1.0000    2.0000  0.00000 -0.00000 -0.00000
   1.87600  0.85653 -0.01317 -0.98805  0.000000  0.000000  0.000000    1.0000    2.0000  0.00000 -0.00000 -0.00000
   1.88369  0.86419 -0.01256 -0.98631  0.000000  0.000000  0.000000    1.0000    2.0000  0.00000 -0.00000 -0.00000
   1.89139  0.87186 -0.01195 -0.98449  0.000000  0.000000  0.000000    1.0000    2.0000  0.00000 -0.00000 -0.00000
   1.89908  0.87953 -0.01133 -0.98256  0.000000  0.000000  0.000000    1.0000    2.0000  0.00000 -0.00000 -0.00000
   1.90677  0.88720 -0.01071 -0.98051  0.000000  0.000000  0.000000    1.0000    2.0000  0.00000 -0.00000 -0.00000
   1.91446  0.89486 -0.01008 -0.97833  0.000000  0.000000  0.000000    1.0000    2.0000  0.00000 -0.00000 -0.00000
   1.92215  0.90253 -0.00944 -0.97600  0.000000  0.000000  0.000000    1.0000    2.0000  0.00000 -0.00000 -0.00000
   1.92984  0.91019 -0.00880 -0.97349  0.000000  0.000000  0.000000    1.0000    2.0000  0.00000 -0.00000 -0.00000
   1.93753  0.91785 -0.00815 -0.97078  0.000000  0.000000  0.000000    1.0000    2.0000  0.00000 -0.00000 -0.00000
   1.94522  0.92551 -0.00750 -0.96782  0.000000  0.000000  0.000000    1.0000    2.0000  0.00000 -0.00000 -0.00000
   1.95290  0.93317 -0.00684 -0.96456  0.000000  0.000000  0.000000    1.0000    2.0000  0.00000 -0.00000 -0.00000
   1.96058  0.94081 -0.00618 -0.96095  0.000000  0.000000  0.000000    1.0000    2.0000  0.00000 -0.00000 -0.00000
   1.96824  0.94845 -0.00551 -0.95687  0.000000  0.000000  0.000000    1.0000    2.0000  0.00000 -0.00000 -0.00000
   1.97587  0.95605 -0.00484 -0.95222  0.000000  0.000000  0.000000    1.0000    2.0000  0.00000 -0.00000 -0.00000
   1.98344  0.96358 -0.00417 -0.94681  0.000000  0.000000  0.000000    1.0000    2.0000  0.00000 -0.00000 -0.00000
   1.99088  0.97099 -0.00351 -0.94037  0.000000  0.000000  0.000000    1.0000    2.0000  0.00000 -0.00000 -0.00000
   1.99807  0.97815 -0.00286 -0.93251  0.000000  0.000000  0.000000    1.0000    2.0000  0.00000 -0.00000 -0.00000
   2.00482  0.98488 -0.00224 -0.92264  0.000000  0.000000  0.000000    1.0000    2.0000  0.00000 -0.00000 -0.00000
   2.01091  0.99094 -0.00168 -0.90916  0.000000  0.000000  0.000000    1.0000    2.0000  0.00000 -0.00000 -0.00000
   2.01615  0.99616 -0.00120 -0.89184  0.000000  0.000000  0.000000    1.0000    2.0000  0.00000 -0.00000 -0.00000
   2.02001  1.00000 -0.00084 -0.82617  0.000000  0.000000  0.000000    1.0000    2.0000  0.00000 -0.00000 -0.00000
