#    s        x        y     Ue/Vinf    Dstar     Theta      Cf       H       H*        P         m          K          tau         Di
   0.00000  1.00000  0.00084  0.82654  0.000000  0.000000  0.000000    1.0000    2.0000  0.00000  0.00000  0.00000
   0.00385  0.99616  0.00120  0.89528  0.000000  0.000000  0.000000    1.0000    2.0000  0.00000  0.00000  0.00000
   0.00910  0.99094  0.00168  0.91390  0.000000  0.000000  0.000000    1.0000    2.0000  0.00000  0.00000  0.00000
   0.01519  0.98488  0.00224  0.92875  0.000000  0.000000  0.000000    1.0000    2.0000  0.00000  0.00000  0.00000
   0.02194  0.97815  0.00286  0.93986  0.000000  0.000000  0.000000    1.0000    2.0000  0.00000  0.00000  0.00000
   0.02913  0.97099  0.00351  0.94888  0.000000  0.000000  0.000000    1.0000    2.0000  0.00000  0.00000  0.00000
   0.03657  0.96358  0.00417  0.95639  0.000000  0.000000  0.000000    1.0000    2.0000  0.00000  0.00000  0.00000
   0.04414  0.95605  0.00484  0.96282  0.000000  0.000000  0.000000    1.0000    2.0000  0.00000  0.00000  0.00000
   0.05177  0.94845  0.00551  0.96843  0.000000  0.000000  0.000000    1.0000    2.0000  0.00000  0.00000  0.00000
   0.05943  0.94081  0.00618  0.97342  0.000000  0.000000  0.000000    1.0000    2.0000  0.00000  0.00000  0.00000
   0.06710  0.93317  0.00684  0.97791  0.000000  0.000000  0.000000    1.0000    2.0000  0.00000  0.00000  0.00000
   0.07479  0.92551  0.00750  0.98200  0.000000  0.000000  0.000000    1.0000    2.0000  0.00000  0.00000  0.00000
   0.08247  0.91785  0.00815  0.98578  0.000000  0.000000  0.000000    1.0000    2.0000  0.00000  0.00000  0.00000
   0.09016  0.91019  0.00880  0.98928  0.000000  0.000000  0.000000    1.0000    2.0000  0.00000  0.00000  0.00000
   0.09785  0.90253  0.00944  0.99256  0.000000  0.000000  0.000000    1.0000    2.0000  0.00000  0.00000  0.00000
   0.10554  0.89486  0.01008  0.99564  0.000000  0.000000  0.000000    1.0000    2.0000  0.00000  0.00000  0.00000
   0.11323  0.88720  0.01071  0.99855  0.000000  0.000000  0.000000    1.0000    2.0000  0.00000  0.00000  0.00000
   0.12093  0.87953  0.01133  1.00132  0.000000  0.000000  0.000000    1.0000    2.0000  0.00000  0.00000  0.00000
   0.12862  0.87186  0.01195  1.00397  0.000000  0.000000  0.000000    1.0000    2.0000  0.00000  0.00000  0.00000
   0.13631  0.86419  0.01256  1.00650  0.000000  0.000000  0.000000    1.0000    2.0000  0.00000  0.00000  0.00000
   0.14400  0.85653  0.01317  1.00893  0.000000  0.000000  0.000000    1.0000    2.0000  0.00000  0.00000  0.00000
   0.15170  0.84886  0.01377  1.01127  0.000000  0.000000  0.000000    1.0000    2.0000  0.00000  0.00000  0.00000
   0.15939  0.84119  0.01437  1.01353  0.000000  0.000000  0.000000    1.0000    2.0000  0.00000  0.00000  0.00000
   0.16709  0.83351  0.01496  1.01572  0.000000  0.000000  0.000000    1.0000    2.0000  0.00000  0.00000  0.00000
   0.17478  0.82584  0.01555  1.01784  0.000000  0.000000  0.000000    1.0000    2.0000  0.00000  0.00000  0.00000
   0.18247  0.81817  0.01613  1.01990  0.000000  0.000000  0.000000    1.0000    2.0000  0.00000  0.00000  0.00000
   0.19017  0.81050  0.01671  1.02192  0.000000  0.000000  0.000000    1.0000    2.0000  0.00000  0.00000  0.00000
   0.19786  0.80282  0.01728  1.02388  0.000000  0.000000  0.000000    1.0000    2.0000  0.00000  0.00000  0.00000
   0.20556  0.79515  0.01784  1.02580  0.000000  0.000000  0.000000    1.0000    2.0000  0.00000  0.00000  0.00000
   0.21325  0.78748  0.01841  1.02768  0.000000  0.000000  0.000000    1.0000    2.0000  0.00000  0.00000  0.00000
   0.22095  0.77980  0.01896  1.02953  0.000000  0.000000  0.000000    1.0000    2.0000  0.00000  0.00000  0.00000
   0.22864  0.77213  0.01951  1.03134  0.000000  0.000000  0.000000    1.0000    2.0000  0.00000  0.00000  0.00000
   0.23633  0.76445  0.02006  1.03312  0.000000  0.000000  0.000000    1.0000    2.0000  0.00000  0.00000  0.00000
   0.24403  0.75678  0.02060  1.03488  0.000000  0.000000  0.000000    1.0000    2.0000  0.00000  0.00000  0.00000
   0.25172  0.74910  0.02113  1.03661  0.000000  0.000000  0.000000    1.0000    2.0000  0.00000  0.00000  0.00000
   0.25942  0.74143  0.02166  1.03832  0.000000  0.000000  0.000000    1.0000    2.0000  0.00000  0.00000  0.00000
   0.26711  0.73375  0.02218  1.04000  0.000000  0.000000  0.000000    1.0000    2.0000  0.00000  0.00000  0.00000
   0.27481  0.72607  0.02270  1.04167  0.000000  0.000000  0.000000    1.0000    2.0000  0.00000  0.00000  0.00000
   0.28250  0.71840  0.02322  1.04333  0.000000  0.000000  0.000000    1.0000    2.0000  0.00000  0.00000  0.00000
   0.29019  0.71072  0.02373  1.04496  0.000000  0.000000  0.000000    1.0000    2.0000  0.00000  0.00000  0.00000
   0.29788  0.70304  0.02423  1.04659  0.000000  0.000000  0.000000    1.0000    2.0000  0.00000  0.00000  0.00000
   0.30558  0.69537  0.02473  1.04820  0.000000  0.000000  0.000000    1.0000    2.0000  0.00000  0.00000  0.00000
   0.31327  0.68769  0.02522  1.04980  0.000000  0.000000  0.000000    1.0000    2.0000  0.00000  0.00000  0.00000
   0.32096  0.68002  0.02570  1.05139  0.000000  0.000000  0.000000    1.0000    2.0000  0.00000  0.00000  0.00000
   0.32865  0.67234  0.02618  1.05298  0.000000  0.000000  0.000000    1.0000    2.0000  0.00000  0.00000  0.00000
   0.33634  0.66466  0.02666  1.05455  0.000000  0.000000  0.000000    1.0000    2.0000  0.00000  0.00000  0.00000
   0.34403  0.65699  0.02713  1.05612  0.000000  0.000000  0.000000    1.0000    2.0000  0.00000  0.00000  0.00000
   0.35172  0.64931  0.02759  1.05769  0.000000  0.000000  0.000000    1.0000    2.0000  0.00000  0.00000  0.00000
   0.35941  0.64164  0.02805  1.05925  0.000000  0.000000  0.000000    1.0000    2.0000  0.00000  0.00000  0.00000
   0.36710  0.63396  0.02850  1.06081  0.000000  0.000000  0.000000    1.0000    2.0000  0.00000  0.00000  0.00000
   0.37479  0.62629  0.02894  1.06236  0.000000  0.000000  0.000000    1.0000    2.0000  0.00000  0.00000  0.00000
   0.38247  0.61861  0.02938  1.06392  0.000000  0.000000  0.000000    1.0000    2.0000  0.00000  0.00000  0.00000
   0.39016  0.61094  0.02982  1.06547  0.000000  0.000000  0.000000    1.0000    2.0000  0.00000  0.00000  0.00000
   0.39784  0.60327  0.03024  1.06702  0.000000  0.000000  0.000000    1.0000    2.0000  0.00000  0.00000  0.00000
   0.40553  0.59559  0.03066  1.06857  0.000000  0.000000  0.000000    1.0000    2.0000  0.00000  0.00000  0.00000
   0.41321  0.58792  0.03108  1.07012  0.000000  0.000000  0.000000    1.0000    2.0000  0.00000  0.00000  0.00000
   0.42089  0.58025  0.03148  1.07167  0.000000  0.000000  0.000000    1.0000    2.0000  0.00000  0.00000  0.00000
   0.42857  0.57258  0.03188  1.07323  0.000000  0.000000  0.000000    1.0000    2.0000  0.00000  0.00000  0.00000
   0.43625  0.56491  0.03227  1.07478  0.000000  0.000000  0.000000    1.0000    2.0000  0.00000  0.00000  0.00000
   0.44393  0.55724  0.03266  1.07634  0.000000  0.000000  0.000000    1.0000    2.0000  0.00000  0.00000  0.00000
   0.45161  0.54957  0.03304  1.07791  0.000000  0.000000  0.000000    1.0000    2.0000  0.00000  0.00000  0.00000
   0.45929  0.54190  0.03341  1.07947  0.000000  0.000000  0.000000    1.0000    2.0000  0.00000  0.00000  0.00000
   0.46696  0.53424  0.03377  1.08104  0.000000  0.000000  0.000000    1.0000    2.0000  0.00000  0.00000  0.00000
   0.47464  0.52657  0.03413  1.08261  0.000000  0.000000  0.000000    1.0000    2.0000  0.00000  0.00000  0.00000
   0.48231  0.51891  0.03447  1.08419  0.000000  0.000000  0.000000    1.0000    2.0000  0.00000  0.00000  0.00000
   0.48998  0.51124  0.03481  1.08577  0.000000  0.000000  0.000000    1.0000    2.0000  0.00000  0.00000  0.00000
   0.49765  0.50358  0.03514  1.08736  0.000000  0.000000  0.000000    1.0000    2.0000  0.00000  0.00000  0.00000
   0.50532  0.49592  0.03546  1.08895  0.000000  0.000000  0.000000    1.0000    2.0000  0.00000  0.00000  0.00000
   0.51299  0.48826  0.03578  1.09055  0.000000  0.000000  0.000000    1.0000    2.0000  0.00000  0.00000  0.00000
   0.52065  0.48060  0.03608  1.09216  0.000000  0.000000  0.000000    1.0000    2.0000  0.00000  0.00000  0.00000
   0.52832  0.47294  0.03638  1.09377  0.000000  0.000000  0.000000    1.0000    2.0000  0.00000  0.00000  0.00000
   0.53598  0.46528  0.03666  1.09538  0.000000  0.000000  0.000000    1.0000    2.0000  0.00000  0.00000  0.00000
   0.54364  0.45763  0.03694  1.09701  0.000000  0.000000  0.000000    1.0000    2.0000  0.00000  0.00000  0.00000
   0.55130  0.44998  0.03721  1.09864  0.000000  0.000000  0.000000    1.0000    2.0000  0.00000  0.00000  0.00000
   0.55895  0.44232  0.03746  1.10027  0.000000  0.000000  0.000000    1.0000    2.0000  0.00000  0.00000  0.00000
   0.56661  0.43467  0.03771  1.10192  0.000000  0.000000  0.000000    1.0000    2.0000  0.00000  0.00000  0.00000
   0.57426  0.42703  0.03794  1.10357  0.000000  0.000000  0.000000    1.0000    2.0000  0.00000  0.00000  0.00000
   0.58191  0.41938  0.03817  1.10523  0.000000  0.000000  0.000000    1.0000    2.0000  0.00000  0.00000  0.00000
   0.58956  0.41173  0.03838  1.10689  0.000000  0.000000  0.000000    1.0000    2.0000  0.00000  0.00000  0.00000
   0.59720  0.40409  0.03858  1.10857  0.000000  0.000000  0.000000    1.0000    2.0000  0.00000  0.00000  0.00000
   0.60484  0.39645  0.03877  1.11025  0.000000  0.000000  0.000000    1.0000    2.0000  0.00000  0.00000  0.00000
   0.61248  0.38881  0.03895  1.11193  0.000000  0.000000  0.000000    1.0000    2.0000  0.00000  0.00000  0.00000
   0.62012  0.38118  0.03912  1.11363  0.000000  0.000000  0.000000    1.0000    2.0000  0.00000  0.00000  0.00000
   0.62776  0.37354  0.03927  1.11534  0.000000  0.000000  0.000000    1.0000    2.0000  0.00000  0.00000  0.00000
   0.63539  0.36591  0.03941  1.11705  0.000000  0.000000  0.000000    1.0000    2.0000  0.00000  0.00000  0.00000
   0.64302  0.35829  0.03954  1.11877  0.000000  0.000000  0.000000    1.0000    2.0000  0.00000  0.00000  0.00000
   0.65064  0.35066  0.03965  1.12050  0.000000  0.000000  0.000000    1.0000    2.0000  0.00000  0.00000  0.00000
   0.65826  0.34304  0.03975  1.12224  0.000000  0.000000  0.000000    1.0000    2.0000  0.00000  0.00000  0.00000
   0.66588  0.33542  0.03983  1.12398  0.000000  0.000000  0.000000    1.0000    2.0000  0.00000  0.00000  0.00000
   0.67350  0.32781  0.03990  1.12574  0.000000  0.000000  0.000000    1.0000    2.0000  0.00000  0.00000  0.00000
   0.68111  0.32019  0.03995  1.12750  0.000000  0.000000  0.000000    1.0000    2.0000  0.00000  0.00000  0.00000
   0.68872  0.31259  0.03999  1.12927  0.000000  0.000000  0.000000    1.0000    2.0000  0.00000  0.00000  0.00000
   0.69632  0.30498  0.04001  1.13106  0.000000  0.000000  0.000000    1.0000    2.0000  0.00000  0.00000  0.00000
   0.70392  0.29738  0.04001  1.13285  0.000000  0.000000  0.000000    1.0000    2.0000  0.00000  0.00000  0.00000
   0.71152  0.28979  0.04000  1.13465  0.000000  0.000000  0.000000    1.0000    2.0000  0.00000  0.00000  0.00000
   0.71911  0.28220  0.03996  1.13646  0.000000  0.000000  0.000000    1.0000    2.0000  0.00000  0.00000  0.00000
   0.72669  0.27461  0.03991  1.13828  0.000000  0.000000  0.000000    1.0000    2.0000  0.00000  0.00000  0.00000
   0.73427  0.26703  0.03984  1.14011  0.000000  0.000000  0.000000    1.0000    2.0000  0.00000  0.00000  0.00000
   0.74185  0.25946  0.03975  1.14196  0.000000  0.000000  0.000000    1.0000    2.0000  0.00000  0.00000  0.00000
   0.74942  0.25189  0.03964  1.14381  0.000000  0.000000  0.000000    1.0000    2.0000  0.00000  0.00000  0.00000
   0.75698  0.24433  0.03951  1.14568  0.000000  0.000000  0.000000    1.0000    2.0000  0.00000  0.00000  0.00000
   0.76454  0.23677  0.03935  1.14756  0.000000  0.000000  0.000000    1.0000    2.0000  0.00000  0.00000  0.00000
   0.77209  0.22922  0.03917  1.14945  0.000000  0.000000  0.000000    1.0000    2.0000  0.00000  0.00000  0.00000
   0.77963  0.22168  0.03897  1.15135  0.000000  0.000000  0.000000    1.0000    2.0000  0.00000  0.00000  0.00000
   0.78716  0.21415  0.03875  1.15327  0.000000  0.000000  0.000000    1.0000    2.0000  0.00000  0.00000  0.00000
   0.79469  0.20663  0.03849  1.15521  0.000000  0.000000  0.000000    1.0000    2.0000  0.00000  0.00000  0.00000
   0.80221  0.19912  0.03822  1.15716  0.000000  0.000000  0.000000    1.0000    2.0000  0.00000  0.00000  0.00000
   0.80971  0.19162  0.03791  1.15913  0.000000  0.000000  0.000000    1.0000    2.0000  0.00000  0.00000  0.00000
   0.81721  0.18413  0.03758  1.16112  0.000000  0.000000  0.000000    1.0000    2.0000  0.00000  0.00000  0.00000
   0.82470  0.17665  0.03721  1.16313  0.000000  0.000000  0.000000    1.0000    2.0000  0.00000  0.00000  0.00000
   0.83217  0.16919  0.03681  1.16516  0.000000  0.000000  0.000000    1.0000    2.0000  0.00000  0.00000  0.00000
   0.83963  0.16175  0.03638  1.16722  0.000000  0.000000  0.000000    1.0000    2.0000  0.00000  0.00000  0.00000
   0.84707  0.15432  0.03592  1.16931  0.000000  0.000000  0.000000    1.0000    2.0000  0.00000  0.00000  0.00000
   0.85450  0.14691  0.03542  1.17142  0.000000  0.000000  0.000000    1.0000    2.0000  0.00000  0.00000  0.00000
   0.86191  0.13952  0.03488  1.17357  0.000000  0.000000  0.000000    1.0000    2.0000  0.00000  0.00000  0.00000
   0.86929  0.13215  0.03431  1.17576  0.000000  0.000000  0.000000    1.0000    2.0000  0.00000  0.00000  0.00000
   0.87666  0.12482  0.03369  1.17798  0.000000  0.000000  0.000000    1.0000    2.0000  0.00000  0.00000  0.00000
   0.88399  0.11751  0.03302  1.18026  0.000000  0.000000  0.000000    1.0000    2.0000  0.00000  0.00000  0.00000
   0.89130  0.11024  0.03231  1.18258  0.000000  0.000000  0.000000    1.0000    2.0000  0.00000  0.00000  0.00000
   0.89857  0.10301  0.03155  1.18495  0.000000  0.000000  0.000000    1.0000    2.0000  0.00000  0.00000  0.00000
   0.90580  0.09582  0.03074  1.18739  0.000000  0.000000  0.000000    1.0000    2.0000  0.00000  0.00000  0.00000
   0.91298  0.08870  0.02987  1.18989  0.000000  0.000000  0.000000    1.0000    2.0000  0.00000  0.00000  0.00000
   0.92009  0.08164  0.02894  1.19245  0.000000  0.000000  0.000000    1.0000    2.0000  0.00000  0.00000  0.00000
   0.92713  0.07467  0.02795  1.19509  0.000000  0.000000  0.000000    1.0000    2.0000  0.00000  0.00000  0.00000
   0.93408  0.06781  0.02690  1.19778  0.000000  0.000000  0.000000    1.0000    2.0000  0.00000  0.00000  0.00000
   0.94089  0.06109  0.02577  1.20053  0.000000  0.000000  0.000000    1.0000    2.0000  0.00000  0.00000  0.00000
   0.94754  0.05455  0.02459  1.20329  0.000000  0.000000  0.000000    1.0000    2.0000  0.00000  0.00000  0.00000
   0.95396  0.04825  0.02334  1.20601  0.000000  0.000000  0.000000    1.0000    2.0000  0.00000  0.00000  0.00000
   0.96007  0.04228  0.02205  1.20860  0.000000  0.000000  0.000000    1.0000    2.0000  0.00000  0.00000  0.00000
   0.96579  0.03671  0.02072  1.21092  0.000000  0.000000  0.000000    1.0000    2.0000  0.00000  0.00000  0.00000
   0.97104  0.03164  0.01939  1.21278  0.000000  0.000000  0.000000    1.0000    2.0000  0.00000  0.00000  0.00000
   0.97575  0.02711  0.01809  1.21399  0.000000  0.000000  0.000000    1.0000    2.0000  0.00000  0.00000  0.00000
   0.97992  0.02314  0.01682  1.21432  0.000000  0.000000  0.000000    1.0000    2.0000  0.00000  0.00000  0.00000
   0.98356  0.01970  0.01562  1.21354  0.000000  0.000000  0.000000    1.0000    2.0000  0.00000  0.00000  0.00000
   0.98674  0.01673  0.01448  1.21144  0.000000  0.000000  0.000000    1.0000    2.0000  0.00000  0.00000  0.00000
   0.98951  0.01418  0.01340  1.20774  0.000000  0.000000  0.000000    1.0000    2.0000  0.00000  0.00000  0.00000
   0.99195  0.01197  0.01237  1.20211  0.000000  0.000000  0.000000    1.0000    2.0000  0.00000  0.00000  0.00000
   0.99410  0.01006  0.01139  1.19413  0.000000  0.000000  0.000000    1.0000    2.0000  0.00000  0.00000  0.00000
   0.99602  0.00839  0.01044  1.18326  0.000000  0.000000  0.000000    1.0000    2.0000  0.00000  0.00000  0.00000
   0.99774  0.00692  0.00953  1.16875  0.000000  0.000000  0.000000    1.0000    2.0000  0.00000  0.00000  0.00000
   0.99931  0.00564  0.00863  1.14957  0.000000  0.000000  0.000000    1.0000    2.0000  0.00000  0.00000  0.00000
   1.00073  0.00452  0.00775  1.12441  0.000000  0.000000  0.000000    1.0000    2.0000  0.00000  0.00000  0.00000
   1.00205  0.00354  0.00688  1.09177  0.000000  0.000000  0.000000    1.0000    2.0000  0.00000  0.00000  0.00000
   1.00326  0.00268  0.00602  1.04934  0.000000  0.000000  0.000000    1.0000    2.0000  0.00000  0.00000  0.00000
   1.00439  0.00195  0.00515  0.99461  0.000000  0.000000  0.000000    1.0000    2.0000  0.00000  0.00000  0.00000
   1.00546  0.00134  0.00428  0.92508  0.000000  0.000000  0.000000    1.0000    2.0000  0.00000  0.00000  0.00000
   1.00646  0.00085  0.00341  0.83806  0.000000  0.000000  0.000000    1.0000    2.0000  0.00000  0.00000  0.00000
   1.00741  0.00047  0.00254  0.73281  0.000000  0.000000  0.000000    1.0000    2.0000  0.00000  0.00000  0.00000
   1.00831  0.00020  0.00167  0.60999  0.000000  0.000000  0.000000    1.0000    2.0000  0.00000  0.00000  0.00000
   1.00918  0.00005  0.00082  0.47485  0.000000  0.000000  0.000000    1.0000    2.0000  0.00000  0.00000  0.00000
   1.01000  0.00000  0.00000  0.33514  0.000000  0.000000  0.000000    1.0000    2.0000  0.00000  0.00000  0.00000
   1.01083  0.00005 -0.00082  0.19155  0.000000  0.000000  0.000000    1.0000    2.0000  0.00000  0.00000  0.00000
   1.01169  0.00020 -0.00167  0.04410  0.000000  0.000000  0.000000    1.0000    2.0000  0.00000  0.00000  0.00000
   1.01260  0.00047 -0.00254 -0.09981  0.000000  0.000000  0.000000    1.0000    2.0000  0.00000 -0.00000 -0.00000
   1.01355  0.00085 -0.00341 -0.23268  0.000000  0.000000  0.000000    1.0000    2.0000  0.00000 -0.00000 -0.00000
   1.01455  0.00134 -0.00428 -0.35128  0.000000  0.000000  0.000000    1.0000    2.0000  0.00000 -0.00000 -0.00000
   1.01561  0.00195 -0.00515 -0.45428  0.000000  0.000000  0.000000    1.0000    2.0000  0.00000 -0.00000 -0.00000
   1.01675  0.00268 -0.00602 -0.54242  0.000000  0.000000  0.000000    1.0000    2.0000  0.00000 -0.00000 -0.00000
   1.01796  0.00354 -0.00688 -0.61728  0.000000  0.000000  0.000000    1.0000    2.0000  0.00000 -0.00000 -0.00000
   1.01927  0.00452 -0.00775 -0.68080  0.000000  0.000000  0.000000    1.0000    2.0000  0.00000 -0.00000 -0.00000
   1.02070  0.00564 -0.00863 -0.73496  0.000000  0.000000  0.000000    1.0000    2.0000  0.00000 -0.00000 -0.00000
   1.02226  0.00692 -0.00953 -0.78136  0.000000  0.000000  0.000000    1.0000    2.0000  0.00000 -0.00000 -0.00000
   1.02399  0.00839 -0.01044 -0.82136  0.000000  0.000000  0.000000    1.0000    2.0000  0.00000 -0.00000 -0.00000
   1.02591  0.01006 -0.01139 -0.85614  0.000000  0.000000  0.000000    1.0000    2.0000  0.00000 -0.00000 -0.00000
   1.02806  0.01197 -0.01237 -0.88661  0.000000  0.000000  0.000000    1.0000    2.0000  0.00000 -0.00000 -0.00000
   1.03049  0.01418 -0.01340 -0.91345  0.000000  0.000000  0.000000    1.0000    2.0000  0.00000 -0.00000 -0.00000
   1.03327  0.01673 -0.01448 -0.93721  0.000000  0.000000  0.000000    1.0000    2.0000  0.00000 -0.00000 -0.00000
   1.03644  0.01970 -0.01562 -0.95829  0.000000  0.000000  0.000000    1.0000    2.0000  0.00000 -0.00000 -0.00000
   1.04009  0.02314 -0.01682 -0.97698  0.000000  0.000000  0.000000    1.0000    2.0000  0.00000 -0.00000 -0.00000
   1.04426  0.02711 -0.01809 -0.99343  0.000000  0.000000  0.000000    1.0000    2.0000  0.00000 -0.00000 -0.00000
   1.04897  0.03164 -0.01939 -1.00776  0.000000  0.000000  0.000000    1.0000    2.0000  0.00000 -0.00000 -0.00000
   1.05422  0.03671 -0.02072 -1.02009  0.000000  0.000000  0.000000    1.0000    2.0000  0.00000 -0.00000 -0.00000
   1.05994  0.04228 -0.02205 -1.03054  0.000000  0.000000  0.000000    1.0000    2.0000  0.00000 -0.00000 -0.00000
   1.06605  0.04825 -0.02334 -1.03932  0.000000  0.000000  0.000000    1.0000    2.0000  0.00000 -0.00000 -0.00000
   1.07247  0.05455 -0.02459 -1.04664  0.000000  0.000000  0.000000    1.0000    2.0000  0.00000 -0.00000 -0.00000
   1.07911  0.06109 -0.02577 -1.05273  0.000000  0.000000  0.000000    1.0000    2.0000  0.00000 -0.00000 -0.00000
   1.08593  0.06781 -0.02690 -1.05781  0.000000  0.000000  0.000000    1.0000    2.0000  0.00000 -0.00000 -0.00000
   1.09287  0.07467 -0.02795 -1.06206  0.000000  0.000000  0.000000    1.0000    2.0000  0.00000 -0.00000 -0.00000
   1.09991  0.08164 -0.02894 -1.06563  0.000000  0.000000  0.000000    1.0000    2.0000  0.00000 -0.00000 -0.00000
   1.10703  0.08870 -0.02987 -1.06863  0.000000  0.000000  0.000000    1.0000    2.0000  0.00000 -0.00000 -0.00000
   1.11421  0.09582 -0.03074 -1.07116  0.000000  0.000000  0.000000    1.0000    2.0000  0.00000 -0.00000 -0.00000
   1.12144  0.10301 -0.03155 -1.07330  0.000000  0.000000  0.000000    1.0000    2.0000  0.00000 -0.00000 -0.00000
   1.12871  0.11024 -0.03231 -1.07509  0.000000  0.000000  0.000000    1.0000    2.0000  0.00000 -0.00000 -0.00000
   1.13601  0.11751 -0.03302 -1.07660  0.000000  0.000000  0.000000    1.0000    2.0000  0.00000 -0.00000 -0.00000
   1.14335  0.12482 -0.03369 -1.07786  0.000000  0.000000  0.000000    1.0000    2.0000  0.00000 -0.00000 -0.00000
   1.15071  0.13215 -0.03431 -1.07891  0.000000  0.000000  0.000000    1.0000    2.0000  0.00000 -0.00000 -0.00000
   1.15810  0.13952 -0.03488 -1.07976  0.000000  0.000000  0.000000    1.0000    2.0000  0.00000 -0.00000 -0.00000
   1.16551  0.14691 -0.03542 -1.08045  0.000000  0.000000  0.000000    1.0000    2.0000  0.00000 -0.00000 -0.00000
   1.17294  0.15432 -0.03592 -1.08099  0.000000  0.000000  0.000000    1.0000    2.0000  0.00000 -0.00000 -0.00000
   1.18038  0.16175 -0.03638 -1.08140  0.000000  0.000000  0.000000    1.0000    2.0000  0.00000 -0.00000 -0.00000
   1.18784  0.16919 -0.03681 -1.08169  0.000000  0.000000  0.000000    1.0000    2.0000  0.00000 -0.00000 -0.00000
   1.19531  0.17665 -0.03721 -1.08187  0.000000  0.000000  0.000000    1.0000    2.0000  0.00000 -0.00000 -0.00000
   1.20280  0.18413 -0.03758 -1.08196  0.000000  0.000000  0.000000    1.0000    2.0000  0.00000 -0.00000 -0.00000
   1.21029  0.19162 -0.03791 -1.08195  0.000000  0.000000  0.000000    1.0000    2.0000  0.00000 -0.00000 -0.00000
   1.21780  0.19912 -0.03822 -1.08187  0.000000  0.000000  0.000000    1.0000    2.0000  0.00000 -0.00000 -0.00000
   1.22532  0.20663 -0.03849 -1.08172  0.000000  0.000000  0.000000    1.0000    2.0000  0.00000 -0.00000 -0.00000
   1.23284  0.21415 -0.03875 -1.08150  0.000000  0.000000  0.000000    1.0000    2.0000  0.00000 -0.00000 -0.00000
   1.24038  0.22168 -0.03897 -1.08122  0.000000  0.000000  0.000000    1.0000    2.0000  0.00000 -0.00000 -0.00000
   1.24792  0.22922 -0.03917 -1.08088  0.000000  0.000000  0.000000    1.0000    2.0000  0.00000 -0.00000 -0.00000
   1.25547  0.23677 -0.03935 -1.08049  0.000000  0.000000  0.000000    1.0000    2.0000  0.00000 -0.00000 -0.00000
   1.26303  0.24433 -0.03951 -1.08006  0.000000  0.000000  0.000000    1.0000    2.0000  0.00000 -0.00000 -0.00000
   1.27059  0.25189 -0.03964 -1.07957  0.000000  0.000000  0.000000    1.0000    2.0000  0.00000 -0.00000 -0.00000
   1.27816  0.25946 -0.03975 -1.07905  0.000000  0.000000  0.000000    1.0000    2.0000  0.00000 -0.00000 -0.00000
   1.28573  0.26703 -0.03984 -1.07850  0.000000  0.000000  0.000000    1.0000    2.0000  0.00000 -0.00000 -0.00000
   1.29331  0.27461 -0.03991 -1.07790  0.000000  0.000000  0.000000    1.0000    2.0000  0.00000 -0.00000 -0.00000
   1.30090  0.28220 -0.03996 -1.07728  0.000000  0.000000  0.000000    1.0000    2.0000  0.00000 -0.00000 -0.00000
   1.30849  0.28979 -0.04000 -1.07662  0.000000  0.000000  0.000000    1.0000    2.0000  0.00000 -0.00000 -0.00000
   1.31609  0.29738 -0.04001 -1.07594  0.000000  0.000000  0.000000    1.0000    2.0000  0.00000 -0.00000 -0.00000
   1.32368  0.30498 -0.04001 -1.07523  0.000000  0.000000  0.000000    1.0000    2.0000  0.00000 -0.00000 -0.00000
   1.33129  0.31259 -0.03999 -1.07450  0.000000  0.000000  0.000000    1.0000    2.0000  0.00000 -0.00000 -0.00000
   1.33890  0.32019 -0.03995 -1.07375  0.000000  0.000000  0.000000    1.0000    2.0000  0.00000 -0.00000 -0.00000
   1.34651  0.32781 -0.03990 -1.07297  0.000000  0.000000  0.000000    1.0000    2.0000  0.00000 -0.00000 -0.00000
   1.35412  0.33542 -0.03983 -1.07218  0.000000  0.000000  0.000000    1.0000    2.0000  0.00000 -0.00000 -0.00000
   1.36174  0.34304 -0.03975 -1.07136  0.000000  0.000000  0.000000    1.0000    2.0000  0.00000 -0.00000 -0.00000
   1.36937  0.35066 -0.03965 -1.07054  0.000000  0.000000  0.000000    1.0000    2.0000  0.00000 -0.00000 -0.00000
   1.37699  0.35829 -0.03954 -1.06969  0.000000  0.000000  0.000000    1.0000    2.0000  0.00000 -0.00000 -0.00000
   1.38462  0.36591 -0.03941 -1.06883  0.000000  0.000000  0.000000    1.0000    2.0000  0.00000 -0.00000 -0.00000
   1.39225  0.37354 -0.03927 -1.06796  0.000000  0.000000  0.000000    1.0000    2.0000  0.00000 -0.00000 -0.00000
   1.39989  0.38118 -0.03912 -1.06708  0.000000  0.000000  0.000000    1.0000    2.0000  0.00000 -0.00000 -0.00000
   1.40752  0.38881 -0.03895 -1.06618  0.000000  0.000000  0.000000    1.0000    2.0000  0.00000 -0.00000 -0.00000
   1.41516  0.39645 -0.03877 -1.06528  0.000000  0.000000  0.000000    1.0000    2.0000  0.00000 -0.00000 -0.00000
   1.42281  0.40409 -0.03858 -1.06436  0.000000  0.000000  0.000000    1.0000    2.0000  0.00000 -0.00000 -0.00000
   1.43045  0.41173 -0.03838 -1.06344  0.000000  0.000000  0.000000    1.0000    2.0000  0.00000 -0.00000 -0.00000
   1.43810  0.41938 -0.03817 -1.06250  0.000000  0.000000  0.000000    1.0000    2.0000  0.00000 -0.00000 -0.00000
   1.44575  0.42703 -0.03794 -1.06156  0.000000  0.000000  0.000000    1.0000    2.0000  0.00000 -0.00000 -0.00000
   1.45340  0.43467 -0.03771 -1.06061  0.000000  0.000000  0.000000    1.0000    2.0000  0.00000 -0.00000 -0.00000
   1.46105  0.44232 -0.03746 -1.05966  0.000000  0.000000  0.000000    1.0000    2.0000  0.00000 -0.00000 -0.00000
   1.46871  0.44998 -0.03721 -1.05870  0.000000  0.000000  0.000000    1.0000    2.0000  0.00000 -0.00000 -0.00000
   1.47637  0.45763 -0.03694 -1.05773  0.000000  0.000000  0.000000    1.0000    2.0000  0.00000 -0.00000 -0.00000
   1.48403  0.46528 -0.03666 -1.05675  0.000000  0.000000  0.000000    1.0000    2.0000  0.00000 -0.00000 -0.00000
   1.49169  0.47294 -0.03638 -1.05577  0.000000  0.000000  0.000000    1.0000    2.0000  0.00000 -0.00000 -0.00000
   1.49935  0.48060 -0.03608 -1.05479  0.000000  0.000000  0.000000    1.0000    2.0000  0.00000 -0.00000 -0.00000
   1.50702  0.48826 -0.03578 -1.05380  0.000000  0.000000  0.000000    1.0000    2.0000  0.00000 -0.00000 -0.00000
   1.51469  0.49592 -0.03546 -1.05281  0.000000  0.000000  0.000000    1.0000    2.0000  0.00000 -0.00000 -0.00000
   1.52235  0.50358 -0.03514 -1.05181  0.000000  0.000000  0.000000    1.0000    2.0000  0.00000 -0.00000 -0.00000
   1.53002  0.51124 -0.03481 -1.05081  0.000000  0.000000  0.000000    1.0000    2.0000  0.00000 -0.00000 -0.00000
   1.53770  0.51891 -0.03447 -1.04980  0.000000  0.000000  0.000000    1.0000    2.0000  0.00000 -0.00000 -0.00000
   1.54537  0.52657 -0.03413 -1.04879  0.000000  0.000000  0.000000    1.0000    2.0000  0.00000 -0.00000 -0.00000
   1.55304  0.53424 -0.03377 -1.04778  0.000000  0.000000  0.000000    1.0000    2.0000  0.00000 -0.00000 -0.00000
   1.56072  0.54190 -0.03341 -1.04676  0.000000  0.000000  0.000000    1.0000    2.0000  0.00000 -0.00000 -0.00000
   1.56839  0.54957 -0.03304 -1.04574  0.000000  0.000000  0.000000    1.0000    2.0000  0.00000 -0.00000 -0.00000
   1.57607  0.55724 -0.03266 -1.04471  0.000000  0.000000  0.000000    1.0000    2.0000  0.00000 -0.00000 -0.00000
   1.58375  0.56491 -0.03227 -1.04368  0.000000  0.000000  0.000000    1.0000    2.0000  0.00000 -0.00000 -0.00000
   1.59143  0.57258 -0.03188 -1.04265  0.000000  0.000000  0.000000    1.0000    2.0000  0.00000 -0.00000 -0.00000
   1.59911  0.58025 -0.03148 -1.04161  0.000000  0.000000  0.000000    1.0000    2.0000  0.00000 -0.00000 -0.00000
   1.60680  0.58792 -0.03108 -1.04057  0.000000  0.000000  0.000000    1.0000    2.0000  0.00000 -0.00000 -0.00000
   1.61448  0.59559 -0.03066 -1.03952  0.000000  0.000000  0.000000    1.0000    2.0000  0.00000 -0.00000 -0.00000
   1.62216  0.60327 -0.03024 -1.03847  0.000000  0.000000  0.000000    1.0000    2.0000  0.00000 -0.00000 -0.00000
   1.62985  0.61094 -0.02982 -1.03741  0.000000  0.000000  0.000000    1.0000    2.0000  0.00000 -0.00000 -0.00000
   1.63753  0.61861 -0.02938 -1.03635  0.000000  0.000000  0.000000    1.0000    2.0000  0.00000 -0.00000 -0.00000
   1.64522  0.62629 -0.02894 -1.03528  0.000000  0.000000  0.000000    1.0000    2.0000  0.00000 -0.00000 -0.00000
   1.65291  0.63396 -0.02850 -1.03421  0.000000  0.000000  0.000000    1.0000    2.0000  0.00000 -0.00000 -0.00000
   1.66060  0.64164 -0.02805 -1.03312  0.000000  0.000000  0.000000    1.0000    2.0000  0.00000 -0.00000 -0.00000
   1.66828  0.64931 -0.02759 -1.03203  0.000000  0.000000  0.000000    1.0000    2.0000  0.00000 -0.00000 -0.00000
   1.67597  0.65699 -0.02713 -1.03093  0.000000  0.000000  0.000000    1.0000    2.0000  0.00000 -0.00000 -0.00000
   1.68366  0.66466 -0.02666 -1.02983  0.000000  0.000000  0.000000    1.0000    2.0000  0.00000 -0.00000 -0.00000
   1.69135  0.67234 -0.02618 -1.02871  0.000000  0.000000  0.000000    1.0000    2.0000  0.00000 -0.00000 -0.00000
   1.69905  0.68002 -0.02570 -1.02758  0.000000  0.000000  0.000000    1.0000    2.0000  0.00000 -0.00000 -0.00000
   1.70674  0.68769 -0.02522 -1.02644  0.000000  0.000000  0.000000    1.0000    2.0000  0.00000 -0.00000 -0.00000
   1.71443  0.69537 -0.02473 -1.02529  0.000000  0.000000  0.000000    1.0000    2.0000  0.00000 -0.00000 -0.00000
   1.72212  0.70304 -0.02423 -1.02413  0.000000  0.000000  0.000000    1.0000    2.0000  0.00000 -0.00000 -0.00000
   1.72981  0.71072 -0.02373 -1.02295  0.000000  0.000000  0.000000    1.0000    2.0000  0.00000 -0.00000 -0.00000
   1.73751  0.71840 -0.02322 -1.02176  0.000000  0.000000  0.000000    1.0000    2.0000  0.00000 -0.00000 -0.00000
   1.74520  0.72607 -0.02270 -1.02055  0.000000  0.000000  0.000000    1.0000    2.0000  0.00000 -0.00000 -0.00000
   1.75289  0.73375 -0.02218 -1.01932  0.000000  0.000000  0.000000    1.0000    2.0000  0.00000 -0.00000 -0.00000
   1.76059  0.74143 -0.02166 -1.01807  0.000000  0.000000  0.000000    1.0000    2.0000  0.00000 -0.00000 -0.00000
   1.76828  0.74910 -0.02113 -1.01680  0.000000  0.000000  0.000000    1.0000    2.0000  0.00000 -0.00000 -0.00000
   1.77598  0.75678 -0.02060 -1.01551  0.000000  0.000000  0.000000    1.0000    2.0000  0.00000 -0.00000 -0.00000
   1.78367  0.76445 -0.02006 -1.01419  0.000000  0.000000  0.000000    1.0000    2.0000  0.00000 -0.00000 -0.00000
   1.79137  0.77213 -0.01951 -1.01284  0.000000  0.000000  0.000000    1.0000    2.0000  0.00000 -0.00000 -0.00000
   1.79906  0.77980 -0.01896 -1.01147  0.000000  0.000000  0.000000    1.0000    2.0000  0.00000 -0.00000 -0.00000
   1.80676  0.78748 -0.01841 -1.01006  0.000000  0.000000  0.000000    1.0000    2.0000  0.00000 -0.00000 -0.00000
   1.81445  0.79515 -0.01784 -1.00862  0.000000  0.000000  0.000000    1.0000    2.0000  0.00000 -0.00000 -0.00000
   1.82214  0.80282 -0.01728 -1.00713  0.000000  0.000000  0.000000    1.0000    2.0000  0.00000 -0.00000 -0.00000
   1.82984  0.81050 -0.01671 -1.00561  0.000000  0.000000  0.000000    1.0000    2.0000  0.00000 -0.00000 -0.00000
   1.83753  0.81817 -0.01613 -1.00404  0.000000  0.000000  0.000000    1.0000    2.0000  0.00000 -0.00000 -0.00000
   1.84523  0.82584 -0.01555 -1.00242  0.000000  0.000000  0.000000    1.0000    2.0000  0.00000 -0.00000 -0.00000
   1.85292  0.83351 -0.01496 -1.00074  0.000000  0.000000  0.000000    1.0000    2.0000  0.00000 -0.00000 -0.00000
   1.86061  0.84119 -0.01437 -0.99900  0.000000  0.000000  0.000000    1.0000    2.0000  0.00000 -0.00000 -0.00000
   1.86831  0.84886 -0.01377 -0.99719  0.000000  0.000000  0.000000    1.0000    2.0000  0.00000 -0.00000 -0.00000
   1.87600  0.85653 -0.01317 -0.99531  0.000000  0.000000  0.000000    1.0000    2.0000  0.00000 -0.00000 -0.00000
   1.88369  0.86419 -0.01256 -0.99334  0.000000  0.000000  0.000000    1.0000    2.0000  0.00000 -0.00000 -0.00000
   1.89139  0.87186 -0.01195 -0.99128  0.000000  0.000000  0.000000    1.0000    2.0000  0.00000 -0.00000 -0.00000
   1.89908  0.87953 -0.01133 -0.98911  0.000000  0.000000  0.000000    1.0000    2.0000  0.00000 -0.00000 -0.00000
   1.90677  0.88720 -0.01071 -0.98683  0.000000  0.000000  0.000000    1.0000    2.0000  0.00000 -0.00000 -0.00000
   1.91446  0.89486 -0.01008 -0.98440  0.000000  0.000000  0.000000    1.0000    2.0000  0.00000 -0.00000 -0.00000
   1.92215  0.90253 -0.00944 -0.98182  0.000000  0.000000  0.000000    1.0000    2.0000  0.00000 -0.00000 -0.00000
   1.92984  0.91019 -0.00880 -0.97905  0.000000  0.000000  0.000000    1.0000    2.0000  0.00000 -0.00000 -0.00000
   1.93753  0.91785 -0.00815 -0.97608  0.000000  0.000000  0.000000    1.0000    2.0000  0.00000 -0.00000 -0.00000
   1.94522  0.92551 -0.00750 -0.97285  0.000000  0.000000  0.000000    1.0000    2.0000  0.00000 -0.00000 -0.00000
   1.95290  0.93317 -0.00684 -0.96931  0.000000  0.000000  0.000000    1.0000    2.0000  0.00000 -0.00000 -0.00000
   1.96058  0.94081 -0.00618 -0.96540  0.000000  0.000000  0.000000    1.0000    2.0000  0.00000 -0.00000 -0.00000
   1.96824  0.94845 -0.00551 -0.96102  0.000000  0.000000  0.000000    1.0000    2.0000  0.00000 -0.00000 -0.00000
   1.97587  0.95605 -0.00484 -0.95605  0.000000  0.000000  0.000000    1.0000    2.0000  0.00000 -0.00000 -0.00000
   1.98344  0.96358 -0.00417 -0.95029  0.000000  0.000000  0.000000    1.0000    2.0000  0.00000 -0.00000 -0.00000
   1.99088  0.97099 -0.00351 -0.94349  0.000000  0.000000  0.000000    1.0000    2.0000  0.00000 -0.00000 -0.00000
   1.99807  0.97815 -0.00286 -0.93524  0.000000  0.000000  0.000000    1.0000    2.0000  0.00000 -0.00000 -0.00000
   2.00482  0.98488 -0.00224 -0.92496  0.000000  0.000000  0.000000    1.0000    2.0000  0.00000 -0.00000 -0.00000
   2.01091  0.99094 -0.00168 -0.91102  0.000000  0.000000  0.000000    1.0000    2.0000  0.00000 -0.00000 -0.00000
   2.01615  0.99616 -0.00120 -0.89326  0.000000  0.000000  0.000000    1.0000    2.0000  0.00000 -0.00000 -0.00000
   2.02001  1.00000 -0.00084 -0.82654  0.000000  0.000000  0.000000    1.0000    2.0000  0.00000 -0.00000 -0.00000
