#      x          Cp  
     1.00000    0.31849
     0.99616    0.19680
     0.99094    0.16156
     0.98488    0.13246
     0.97815    0.11014
     0.97099    0.09160
     0.96358    0.07584
     0.95605    0.06215
     0.94845    0.05002
     0.94081    0.03911
     0.93317    0.02915
     0.92551    0.01996
     0.91785    0.01142
     0.91019    0.00340
     0.90253   -0.00417
     0.89486   -0.01136
     0.88720   -0.01821
     0.87953   -0.02478
     0.87186   -0.03109
     0.86419   -0.03718
     0.85653   -0.04308
     0.84886   -0.04879
     0.84119   -0.05435
     0.83351   -0.05977
     0.82584   -0.06507
     0.81817   -0.07025
     0.81050   -0.07533
     0.80282   -0.08031
     0.79515   -0.08522
     0.78748   -0.09005
     0.77980   -0.09482
     0.77213   -0.09952
     0.76445   -0.10418
     0.75678   -0.10879
     0.74910   -0.11335
     0.74143   -0.11788
     0.73375   -0.12238
     0.72607   -0.12685
     0.71840   -0.13130
     0.71072   -0.13573
     0.70304   -0.14014
     0.69537   -0.14454
     0.68769   -0.14893
     0.68002   -0.15331
     0.67234   -0.15770
     0.66466   -0.16208
     0.65699   -0.16646
     0.64931   -0.17085
     0.64164   -0.17525
     0.63396   -0.17965
     0.62629   -0.18407
     0.61861   -0.18850
     0.61094   -0.19295
     0.60327   -0.19742
     0.59559   -0.20190
     0.58792   -0.20641
     0.58025   -0.21094
     0.57258   -0.21550
     0.56491   -0.22008
     0.55724   -0.22470
     0.54957   -0.22934
     0.54190   -0.23402
     0.53424   -0.23873
     0.52657   -0.24348
     0.51891   -0.24827
     0.51124   -0.25309
     0.50358   -0.25796
     0.49592   -0.26287
     0.48826   -0.26782
     0.48060   -0.27282
     0.47294   -0.27787
     0.46528   -0.28296
     0.45763   -0.28811
     0.44998   -0.29332
     0.44232   -0.29857
     0.43467   -0.30389
     0.42703   -0.30926
     0.41938   -0.31470
     0.41173   -0.32020
     0.40409   -0.32576
     0.39645   -0.33140
     0.38881   -0.33710
     0.38118   -0.34288
     0.37354   -0.34873
     0.36591   -0.35467
     0.35829   -0.36068
     0.35066   -0.36678
     0.34304   -0.37298
     0.33542   -0.37926
     0.32781   -0.38564
     0.32019   -0.39212
     0.31259   -0.39871
     0.30498   -0.40542
     0.29738   -0.41224
     0.28979   -0.41918
     0.28220   -0.42625
     0.27461   -0.43347
     0.26703   -0.44082
     0.25946   -0.44834
     0.25189   -0.45601
     0.24433   -0.46387
     0.23677   -0.47191
     0.22922   -0.48015
     0.22168   -0.48861
     0.21415   -0.49730
     0.20663   -0.50624
     0.19912   -0.51545
     0.19162   -0.52496
     0.18413   -0.53479
     0.17665   -0.54498
     0.16919   -0.55555
     0.16175   -0.56655
     0.15432   -0.57803
     0.14691   -0.59003
     0.13952   -0.60263
     0.13215   -0.61588
     0.12482   -0.62988
     0.11751   -0.64473
     0.11024   -0.66054
     0.10301   -0.67745
     0.09582   -0.69564
     0.08870   -0.71530
     0.08164   -0.73666
     0.07467   -0.76001
     0.06781   -0.78568
     0.06109   -0.81404
     0.05455   -0.84546
     0.04825   -0.88028
     0.04228   -0.91872
     0.03671   -0.96075
     0.03164   -1.00597
     0.02711   -1.05369
     0.02314   -1.10302
     0.01970   -1.15302
     0.01673   -1.20284
     0.01418   -1.25167
     0.01197   -1.29871
     0.01006   -1.34292
     0.00839   -1.38305
     0.00692   -1.41715
     0.00564   -1.44226
     0.00452   -1.45443
     0.00354   -1.44902
     0.00268   -1.41797
     0.00195   -1.35232
     0.00134   -1.24326
     0.00085   -1.08061
     0.00047   -0.86303
     0.00020   -0.59601
     0.00005   -0.30112
     0.00000   -0.01005
     0.00005    0.26432
     0.00020    0.51260
     0.00047    0.71557
     0.00085    0.86087
     0.00134    0.95030
     0.00195    0.99250
     0.00268    0.99879
     0.00354    0.97982
     0.00452    0.94414
     0.00564    0.89794
     0.00692    0.84554
     0.00839    0.78981
     0.01006    0.73259
     0.01197    0.67507
     0.01418    0.61802
     0.01673    0.56197
     0.01970    0.50737
     0.02314    0.45470
     0.02711    0.40454
     0.03164    0.35757
     0.03671    0.31438
     0.04228    0.27541
     0.04825    0.24074
     0.05455    0.21020
     0.06109    0.18342
     0.06781    0.15993
     0.07467    0.13929
     0.08164    0.12108
     0.08870    0.10494
     0.09582    0.09059
     0.10301    0.07776
     0.11024    0.06626
     0.11751    0.05592
     0.12482    0.04658
     0.13215    0.03814
     0.13952    0.03048
     0.14691    0.02353
     0.15432    0.01720
     0.16175    0.01144
     0.16919    0.00620
     0.17665    0.00141
     0.18413   -0.00295
     0.19162   -0.00694
     0.19912   -0.01057
     0.20663   -0.01387
     0.21415   -0.01689
     0.22168   -0.01963
     0.22922   -0.02211
     0.23677   -0.02437
     0.24433   -0.02641
     0.25189   -0.02824
     0.25946   -0.02989
     0.26703   -0.03137
     0.27461   -0.03268
     0.28220   -0.03385
     0.28979   -0.03487
     0.29738   -0.03576
     0.30498   -0.03652
     0.31259   -0.03717
     0.32019   -0.03771
     0.32781   -0.03815
     0.33542   -0.03849
     0.34304   -0.03874
     0.35066   -0.03891
     0.35829   -0.03900
     0.36591   -0.03901
     0.37354   -0.03895
     0.38118   -0.03882
     0.38881   -0.03863
     0.39645   -0.03839
     0.40409   -0.03808
     0.41173   -0.03772
     0.41938   -0.03731
     0.42703   -0.03686
     0.43467   -0.03636
     0.44232   -0.03581
     0.44998   -0.03523
     0.45763   -0.03461
     0.46528   -0.03395
     0.47294   -0.03326
     0.48060   -0.03254
     0.48826   -0.03178
     0.49592   -0.03099
     0.50358   -0.03018
     0.51124   -0.02934
     0.51891   -0.02847
     0.52657   -0.02758
     0.53424   -0.02666
     0.54190   -0.02572
     0.54957   -0.02475
     0.55724   -0.02376
     0.56491   -0.02276
     0.57258   -0.02172
     0.58025   -0.02067
     0.58792   -0.01960
     0.59559   -0.01851
     0.60327   -0.01739
     0.61094   -0.01626
     0.61861   -0.01510
     0.62629   -0.01392
     0.63396   -0.01273
     0.64164   -0.01150
     0.64931   -0.01026
     0.65699   -0.00899
     0.66466   -0.00770
     0.67234   -0.00638
     0.68002   -0.00504
     0.68769   -0.00367
     0.69537   -0.00227
     0.70304   -0.00084
     0.71072    0.00062
     0.71840    0.00212
     0.72607    0.00365
     0.73375    0.00522
     0.74143    0.00683
     0.74910    0.00848
     0.75678    0.01018
     0.76445    0.01193
     0.77213    0.01373
     0.77980    0.01559
     0.78748    0.01751
     0.79515    0.01950
     0.80282    0.02156
     0.81050    0.02370
     0.81817    0.02593
     0.82584    0.02825
     0.83351    0.03067
     0.84119    0.03320
     0.84886    0.03586
     0.85653    0.03865
     0.86419    0.04159
     0.87186    0.04471
     0.87953    0.04801
     0.88720    0.05152
     0.89486    0.05528
     0.90253    0.05932
     0.91019    0.06368
     0.91785    0.06841
     0.92551    0.07359
     0.93317    0.07931
     0.94081    0.08568
     0.94845    0.09286
     0.95605    0.10109
     0.96358    0.11069
     0.97099    0.12211
     0.97815    0.13605
     0.98488    0.15353
     0.99094    0.17731
     0.99616    0.20764
     1.00000    0.31849
