0.31848371
0.19680764
0.16156676
0.13245678
0.11014738
0.09160039
0.07584463
0.06214334
0.05001839
0.03910994
0.02914360
0.01990918
0.01124716
0.00303650
-0.00482363
-0.01241089
-0.01978719
-0.02700339
-0.03410049
-0.04111126
-0.04806160
-0.05497130
-0.06185518
-0.06872422
-0.07558605
-0.08244513
-0.08930310
-0.09615903
-0.10300990
-0.10985074
-0.11667526
-0.12347639
-0.13024661
-0.13697823
-0.14366356
-0.15029502
-0.15686533
-0.16336754
-0.16979517
-0.17614233
-0.18240374
-0.18857473
-0.19465122
-0.20062971
-0.20650724
-0.21228140
-0.21795033
-0.22351275
-0.22896797
-0.23431586
-0.23955683
-0.24469178
-0.24972204
-0.25464930
-0.25947554
-0.26420301
-0.26883416
-0.27337163
-0.27781816
-0.28217662
-0.28645000
-0.29064141
-0.29475305
-0.29878816
-0.30274903
-0.30663797
-0.31045730
-0.31420933
-0.31789638
-0.32152077
-0.32508482
-0.32859085
-0.33204117
-0.33543811
-0.33878396
-0.34208101
-0.34533154
-0.34853782
-0.35170210
-0.35482664
-0.35791366
-0.36096539
-0.36398399
-0.36697162
-0.36993038
-0.37286235
-0.37576956
-0.37865401
-0.38151763
-0.38436233
-0.38718993
-0.39000219
-0.39280081
-0.39558741
-0.39836357
-0.40113081
-0.40389059
-0.40664434
-0.40939345
-0.41213925
-0.41488303
-0.41762604
-0.42036947
-0.42311444
-0.42586203
-0.42861324
-0.43136901
-0.43413021
-0.43689765
-0.43967209
-0.44245425
-0.44524479
-0.44804434
-0.45085347
-0.45367272
-0.45650260
-0.45934358
-0.46219607
-0.46506045
-0.46793707
-0.47082623
-0.47372822
-0.47664328
-0.47957160
-0.48251337
-0.48546871
-0.48843772
-0.49142047
-0.49441702
-0.49742738
-0.50045156
-0.50348956
-0.50654135
-0.50960690
-0.51268617
-0.51577909
-0.51888559
-0.52200558
-0.52513896
-0.52828562
-0.53144544
-0.53461829
-0.53780403
-0.54100252
-0.54421359
-0.54743707
-0.55067279
-0.55392057
-0.55718023
-0.56045157
-0.56373440
-0.56702851
-0.57033369
-0.57364974
-0.57697644
-0.58031356
-0.58366087
-0.58701814
-0.59038513
-0.59376158
-0.59714726
-0.60054189
-0.60394522
-0.60735697
-0.61077688
-0.61420466
-0.61764003
-0.62108270
-0.62453238
-0.62798877
-0.63145156
-0.63492045
-0.63839512
-0.64187525
-0.64536052
-0.64885059
-0.65234514
-0.65584382
-0.65934630
-0.66285223
-0.66636126
-0.66987305
-0.67338724
-0.67690348
-0.68042141
-0.68394067
-0.68746090
-0.69098174
-0.69450283
-0.69802382
-0.70154434
-0.70506403
-0.70858255
-0.71209954
-0.71561465
-0.71912753
-0.72263783
-0.72614519
-0.72964926
-0.73314970
-0.73664615
-0.74013827
-0.74362571
-0.74710813
-0.75058518
-0.75405652
-0.75752181
-0.76098070
-0.76443286
-0.76787795
-0.77131562
-0.77474555
-0.77816739
-0.78158080
-0.78498545
-0.78838099
-0.79176710
-0.79514343
-0.79850965
-0.80186543
-0.80521043
-0.80854432
-0.81186678
-0.81517748
-0.81847609
-0.82176229
-0.82503576
-0.82829619
-0.83154327
-0.83477669
-0.83799615
-0.84120136
-0.84439203
-0.84756788
-0.85072864
-0.85387404
-0.85700383
-0.86011777
-0.86321562
-0.86629716
-0.86936216
-0.87241042
-0.87544174
-0.87845592
-0.88145277
-0.88443210
-0.88739373
-0.89033748
-0.89326318
-0.89617067
-0.89905980
-0.90193041
-0.90478236
-0.90761550
-0.91042971
-0.91322485
-0.91600079
-0.91875743
-0.92149464
-0.92421232
-0.92691036
-0.92958866
-0.93224713
-0.93488567
-0.93750420
-0.94010263
-0.94268089
-0.94523890
-0.94777660
-0.95029391
-0.95279079
-0.95526716
-0.95772300
-0.96015825
-0.96257288
-0.96496687
-0.96734019
-0.96969282
-0.97202475
-0.97433597
-0.97662647
-0.97889625
-0.98114531
-0.98337365
-0.98558129
-0.98776824
-0.98993453
-0.99208019
-0.99420526
-0.99630978
-0.99839380
-1.00045737
